/*--------------------------------*- C++ -*----------------------------------*\
  =========                 |
  \\      /  F ield         | OpenFOAM: The Open Source CFD Toolbox
   \\    /   O peration     | Website:  https://openfoam.org
    \\  /    A nd           | Version:  10
     \\/     M anipulation  |
\*---------------------------------------------------------------------------*/
FoamFile
{
    format      ascii;
    class       labelList;
    note        "nPoints: 2940 nCells: 1372 nFaces: 5586 nInternalFaces: 2646";
    location    "constant/polyMesh";
    object      neighbour;
}
// * * * * * * * * * * * * * * * * * * * * * * * * * * * * * * * * * * * * * //


2646
(
1
14
2
15
3
16
4
17
5
18
6
19
7
20
8
21
9
22
10
23
11
24
12
25
13
26
27
98
15
28
16
29
17
30
18
31
19
32
20
33
21
34
22
35
23
36
24
37
25
38
26
39
27
40
41
105
29
42
30
43
31
44
32
45
33
46
34
47
35
48
36
49
37
50
38
51
39
52
40
53
41
54
55
112
43
56
44
57
45
58
46
59
47
60
48
61
49
62
50
63
51
64
52
65
53
66
54
67
55
68
69
119
57
70
58
71
59
72
60
73
61
74
62
75
63
76
64
77
65
78
66
79
67
80
68
81
69
82
83
126
71
84
72
85
73
86
74
87
75
88
76
89
77
90
78
91
79
92
80
93
81
94
82
95
83
96
97
133
85
882
86
883
87
884
88
885
89
886
90
887
91
888
92
889
93
890
94
891
95
892
96
893
97
894
140
895
99
105
100
106
101
107
102
108
103
109
104
110
111
147
106
112
107
113
108
114
109
115
110
116
111
117
118
154
113
119
114
120
115
121
116
122
117
123
118
124
125
161
120
126
121
127
122
128
123
129
124
130
125
131
132
168
127
133
128
134
129
135
130
136
131
137
132
138
139
175
134
140
135
141
136
142
137
143
138
144
139
145
146
182
141
1029
142
1030
143
1031
144
1032
145
1033
146
1034
189
1035
148
154
149
155
150
156
151
157
152
158
153
159
160
196
155
161
156
162
157
163
158
164
159
165
160
166
167
210
162
168
163
169
164
170
165
171
166
172
167
173
174
224
169
175
170
176
171
177
172
178
173
179
174
180
181
238
176
182
177
183
178
184
179
185
180
186
181
187
188
252
183
189
184
190
185
191
186
192
187
193
188
194
195
266
190
1078
191
1079
192
1080
193
1081
194
1082
195
1083
280
1084
197
210
198
211
199
212
200
213
201
214
202
215
203
216
204
217
205
218
206
219
207
220
208
221
209
222
223
211
224
212
225
213
226
214
227
215
228
216
229
217
230
218
231
219
232
220
233
221
234
222
235
223
236
237
225
238
226
239
227
240
228
241
229
242
230
243
231
244
232
245
233
246
234
247
235
248
236
249
237
250
251
239
252
240
253
241
254
242
255
243
256
244
257
245
258
246
259
247
260
248
261
249
262
250
263
251
264
265
253
266
254
267
255
268
256
269
257
270
258
271
259
272
260
273
261
274
262
275
263
276
264
277
265
278
279
267
280
268
281
269
282
270
283
271
284
272
285
273
286
274
287
275
288
276
289
277
290
278
291
279
292
293
281
294
282
295
283
296
284
297
285
298
286
299
287
300
288
301
289
302
290
303
291
304
292
305
293
306
307
295
308
1127
296
309
297
310
298
311
299
312
300
313
301
314
302
315
303
316
304
317
305
318
306
319
307
320
321
309
322
1128
310
323
311
324
312
325
313
326
314
327
315
328
316
329
317
330
318
331
319
332
320
333
321
334
335
323
336
1129
324
337
325
338
326
339
327
340
328
341
329
342
330
343
331
344
332
345
333
346
334
347
335
348
349
337
350
1130
338
351
339
352
340
353
341
354
342
355
343
356
344
357
345
358
346
359
347
360
348
361
349
362
363
351
364
1131
352
365
353
366
354
367
355
368
356
369
357
370
358
371
359
372
360
373
361
374
362
375
363
376
377
365
378
1132
366
379
367
380
368
381
369
382
370
383
371
384
372
385
373
386
374
387
375
388
376
389
377
390
391
379
392
1133
380
393
381
394
382
395
383
396
384
397
385
398
386
399
387
400
388
401
389
402
390
403
391
404
405
393
406
1182
394
407
395
408
396
409
397
410
398
411
399
412
400
413
401
414
402
415
403
416
404
417
405
418
419
407
420
1189
408
421
409
422
410
423
411
424
412
425
413
426
414
427
415
428
416
429
417
430
418
431
419
432
433
421
434
1196
422
435
423
436
424
437
425
438
426
439
427
440
428
441
429
442
430
443
431
444
432
445
433
446
447
435
448
1203
436
449
437
450
438
451
439
452
440
453
441
454
442
455
443
456
444
457
445
458
446
459
447
460
461
449
462
1210
450
463
451
464
452
465
453
466
454
467
455
468
456
469
457
470
458
471
459
472
460
473
461
474
475
463
476
1217
464
477
465
478
466
479
467
480
468
481
469
482
470
483
471
484
472
485
473
486
474
487
475
488
489
477
490
1224
478
491
479
492
480
493
481
494
482
495
483
496
484
497
485
498
486
499
487
500
488
501
489
502
503
491
504
594
492
505
493
506
494
507
495
508
496
509
497
510
498
511
499
512
500
513
501
514
502
515
503
516
517
505
518
601
506
519
507
520
508
521
509
522
510
523
511
524
512
525
513
526
514
527
515
528
516
529
517
530
531
519
532
608
520
533
521
534
522
535
523
536
524
537
525
538
526
539
527
540
528
541
529
542
530
543
531
544
545
533
546
615
534
547
535
548
536
549
537
550
538
551
539
552
540
553
541
554
542
555
543
556
544
557
545
558
559
547
560
622
548
561
549
562
550
563
551
564
552
565
553
566
554
567
555
568
556
569
557
570
558
571
559
572
573
561
574
629
562
575
563
576
564
577
565
578
566
579
567
580
568
581
569
582
570
583
571
584
572
585
573
586
587
575
636
576
577
578
579
580
581
582
583
584
585
586
587
589
595
643
1267
590
596
1268
591
597
1269
592
598
1270
593
599
1271
594
600
1272
601
1273
596
602
650
597
603
598
604
599
605
600
606
601
607
608
603
609
657
604
610
605
611
606
612
607
613
608
614
615
610
616
664
611
617
612
618
613
619
614
620
615
621
622
617
623
671
618
624
619
625
620
626
621
627
622
628
629
624
630
678
625
631
626
632
627
633
628
634
629
635
636
631
685
632
633
634
635
636
638
644
699
1316
639
645
1317
640
646
1318
641
647
1319
642
648
1320
643
649
1321
650
1322
645
651
713
646
652
647
653
648
654
649
655
650
656
657
652
658
727
653
659
654
660
655
661
656
662
657
663
664
659
665
741
660
666
661
667
662
668
663
669
664
670
671
666
672
755
667
673
668
674
669
675
670
676
671
677
678
673
679
769
674
680
675
681
676
682
677
683
678
684
685
680
783
681
682
683
684
685
687
700
868
688
701
869
689
702
870
690
703
871
691
704
872
692
705
873
693
706
874
694
707
875
695
708
876
696
709
877
697
710
878
698
711
879
699
712
880
713
881
701
714
702
715
703
716
704
717
705
718
706
719
707
720
708
721
709
722
710
723
711
724
712
725
713
726
727
715
728
716
729
717
730
718
731
719
732
720
733
721
734
722
735
723
736
724
737
725
738
726
739
727
740
741
729
742
730
743
731
744
732
745
733
746
734
747
735
748
736
749
737
750
738
751
739
752
740
753
741
754
755
743
756
744
757
745
758
746
759
747
760
748
761
749
762
750
763
751
764
752
765
753
766
754
767
755
768
769
757
770
758
771
759
772
760
773
761
774
762
775
763
776
764
777
765
778
766
779
767
780
768
781
769
782
783
771
772
773
774
775
776
777
778
779
780
781
782
783
785
798
966
786
799
967
787
800
968
788
801
969
789
802
970
790
803
971
791
804
972
792
805
973
793
806
974
794
807
975
795
808
976
796
809
977
797
810
978
811
979
1365
799
812
800
813
801
814
802
815
803
816
804
817
805
818
806
819
807
820
808
821
809
822
810
823
811
824
825
1366
813
826
814
827
815
828
816
829
817
830
818
831
819
832
820
833
821
834
822
835
823
836
824
837
825
838
839
1367
827
840
828
841
829
842
830
843
831
844
832
845
833
846
834
847
835
848
836
849
837
850
838
851
839
852
853
1368
841
854
842
855
843
856
844
857
845
858
846
859
847
860
848
861
849
862
850
863
851
864
852
865
853
866
867
1369
855
868
856
869
857
870
858
871
859
872
860
873
861
874
862
875
863
876
864
877
865
878
866
879
867
880
881
1370
869
870
871
872
873
874
875
876
877
878
879
880
881
1371
883
896
884
897
885
898
886
899
887
900
888
901
889
902
890
903
891
904
892
905
893
906
894
907
895
908
909
986
897
910
898
911
899
912
900
913
901
914
902
915
903
916
904
917
905
918
906
919
907
920
908
921
909
922
923
985
911
924
912
925
913
926
914
927
915
928
916
929
917
930
918
931
919
932
920
933
921
934
922
935
923
936
937
984
925
938
926
939
927
940
928
941
929
942
930
943
931
944
932
945
933
946
934
947
935
948
936
949
937
950
951
983
939
952
940
953
941
954
942
955
943
956
944
957
945
958
946
959
947
960
948
961
949
962
950
963
951
964
965
982
953
966
954
967
955
968
956
969
957
970
958
971
959
972
960
973
961
974
962
975
963
976
964
977
965
978
979
981
967
968
969
970
971
972
973
974
975
976
977
978
979
980
981
987
1365
982
988
983
989
984
990
985
991
986
992
993
1029
988
994
1358
989
995
990
996
991
997
992
998
993
999
1000
1036
995
1001
1351
996
1002
997
1003
998
1004
999
1005
1000
1006
1007
1043
1002
1008
1344
1003
1009
1004
1010
1005
1011
1006
1012
1007
1013
1014
1050
1009
1015
1337
1010
1016
1011
1017
1012
1018
1013
1019
1014
1020
1021
1057
1016
1022
1330
1017
1023
1018
1024
1019
1025
1020
1026
1021
1027
1028
1064
1023
1323
1024
1025
1026
1027
1028
1071
1030
1036
1031
1037
1032
1038
1033
1039
1034
1040
1035
1041
1042
1078
1037
1043
1038
1044
1039
1045
1040
1046
1041
1047
1042
1048
1049
1085
1044
1050
1045
1051
1046
1052
1047
1053
1048
1054
1049
1055
1056
1092
1051
1057
1052
1058
1053
1059
1054
1060
1055
1061
1056
1062
1063
1099
1058
1064
1059
1065
1060
1066
1061
1067
1062
1068
1063
1069
1070
1106
1065
1071
1066
1072
1067
1073
1068
1074
1069
1075
1070
1076
1077
1113
1072
1073
1074
1075
1076
1077
1120
1079
1085
1080
1086
1081
1087
1082
1088
1083
1089
1084
1090
1091
1127
1086
1092
1087
1093
1088
1094
1089
1095
1090
1096
1091
1097
1098
1134
1093
1099
1094
1100
1095
1101
1096
1102
1097
1103
1098
1104
1105
1141
1100
1106
1101
1107
1102
1108
1103
1109
1104
1110
1105
1111
1112
1148
1107
1113
1108
1114
1109
1115
1110
1116
1111
1117
1112
1118
1119
1155
1114
1120
1115
1121
1116
1122
1117
1123
1118
1124
1119
1125
1126
1162
1121
1122
1123
1124
1125
1126
1169
1128
1134
1129
1135
1130
1136
1131
1137
1132
1138
1133
1139
1140
1182
1135
1141
1136
1142
1137
1143
1138
1144
1139
1145
1140
1146
1147
1181
1142
1148
1143
1149
1144
1150
1145
1151
1146
1152
1147
1153
1154
1180
1149
1155
1150
1156
1151
1157
1152
1158
1153
1159
1154
1160
1161
1179
1156
1162
1157
1163
1158
1164
1159
1165
1160
1166
1161
1167
1168
1178
1163
1169
1164
1170
1165
1171
1166
1172
1167
1173
1168
1174
1175
1177
1170
1171
1172
1173
1174
1175
1176
1177
1183
1178
1184
1179
1185
1180
1186
1181
1187
1182
1188
1189
1184
1190
1185
1191
1186
1192
1187
1193
1188
1194
1189
1195
1196
1191
1197
1192
1198
1193
1199
1194
1200
1195
1201
1196
1202
1203
1198
1204
1199
1205
1200
1206
1201
1207
1202
1208
1203
1209
1210
1205
1211
1206
1212
1207
1213
1208
1214
1209
1215
1210
1216
1217
1212
1218
1213
1219
1214
1220
1215
1221
1216
1222
1217
1223
1224
1219
1231
1220
1238
1221
1245
1222
1252
1223
1259
1224
1266
1273
1226
1232
1280
1227
1233
1228
1234
1229
1235
1230
1236
1231
1237
1238
1233
1239
1287
1234
1240
1235
1241
1236
1242
1237
1243
1238
1244
1245
1240
1246
1294
1241
1247
1242
1248
1243
1249
1244
1250
1245
1251
1252
1247
1253
1301
1248
1254
1249
1255
1250
1256
1251
1257
1252
1258
1259
1254
1260
1308
1255
1261
1256
1262
1257
1263
1258
1264
1259
1265
1266
1261
1267
1315
1262
1268
1263
1269
1264
1270
1265
1271
1266
1272
1273
1268
1322
1269
1270
1271
1272
1273
1275
1281
1329
1276
1282
1277
1283
1278
1284
1279
1285
1280
1286
1287
1282
1288
1336
1283
1289
1284
1290
1285
1291
1286
1292
1287
1293
1294
1289
1295
1343
1290
1296
1291
1297
1292
1298
1293
1299
1294
1300
1301
1296
1302
1350
1297
1303
1298
1304
1299
1305
1300
1306
1301
1307
1308
1303
1309
1357
1304
1310
1305
1311
1306
1312
1307
1313
1308
1314
1315
1310
1316
1364
1311
1317
1312
1318
1313
1319
1314
1320
1315
1321
1322
1317
1371
1318
1319
1320
1321
1322
1324
1330
1325
1331
1326
1332
1327
1333
1328
1334
1329
1335
1336
1331
1337
1332
1338
1333
1339
1334
1340
1335
1341
1336
1342
1343
1338
1344
1339
1345
1340
1346
1341
1347
1342
1348
1343
1349
1350
1345
1351
1346
1352
1347
1353
1348
1354
1349
1355
1350
1356
1357
1352
1358
1353
1359
1354
1360
1355
1361
1356
1362
1357
1363
1364
1359
1365
1360
1366
1361
1367
1362
1368
1363
1369
1364
1370
1371
1366
1367
1368
1369
1370
1371
)


// ************************************************************************* //
