/*--------------------------------*- C++ -*----------------------------------*\
  =========                 |
  \\      /  F ield         | OpenFOAM: The Open Source CFD Toolbox
   \\    /   O peration     | Website:  https://openfoam.org
    \\  /    A nd           | Version:  10
     \\/     M anipulation  |
\*---------------------------------------------------------------------------*/
FoamFile
{
    format      ascii;
    class       vectorField;
    location    "constant/polyMesh";
    object      points;
}
// * * * * * * * * * * * * * * * * * * * * * * * * * * * * * * * * * * * * * //


2940
(
(-200 -100 0)
(-191.2901429 -100 0)
(-182.5802857 -100 0)
(-173.8704286 -100 0)
(-165.1605714 -100 0)
(-156.4507143 -100 0)
(-147.7408571 -100 0)
(-139.031 -100 0)
(-130.3211429 -100 0)
(-121.6112857 -100 0)
(-112.9014286 -100 0)
(-104.1915714 -100 0)
(-95.48171429 -100 0)
(-86.77185714 -100 0)
(-78.062 -100 0)
(-200 -91.29428571 0)
(-191.2901429 -91.29428571 0)
(-182.5802857 -91.29428571 0)
(-173.8704286 -91.29428571 0)
(-165.1605714 -91.29428571 0)
(-156.4507143 -91.29428571 0)
(-147.7408571 -91.29428571 0)
(-139.031 -91.29428571 0)
(-130.3211429 -91.29428571 0)
(-121.6112857 -91.29428571 0)
(-112.9014286 -91.29428571 0)
(-104.1915714 -91.29428571 0)
(-95.48171429 -91.29428571 0)
(-86.77185714 -91.29428571 0)
(-78.062 -91.29428571 0)
(-200 -82.58857143 0)
(-191.2901429 -82.58857143 0)
(-182.5802857 -82.58857143 0)
(-173.8704286 -82.58857143 0)
(-165.1605714 -82.58857143 0)
(-156.4507143 -82.58857143 0)
(-147.7408571 -82.58857143 0)
(-139.031 -82.58857143 0)
(-130.3211429 -82.58857143 0)
(-121.6112857 -82.58857143 0)
(-112.9014286 -82.58857143 0)
(-104.1915714 -82.58857143 0)
(-95.48171429 -82.58857143 0)
(-86.77185714 -82.58857143 0)
(-78.062 -82.58857143 0)
(-200 -73.88285714 0)
(-191.2901429 -73.88285714 0)
(-182.5802857 -73.88285714 0)
(-173.8704286 -73.88285714 0)
(-165.1605714 -73.88285714 0)
(-156.4507143 -73.88285714 0)
(-147.7408571 -73.88285714 0)
(-139.031 -73.88285714 0)
(-130.3211429 -73.88285714 0)
(-121.6112857 -73.88285714 0)
(-112.9014286 -73.88285714 0)
(-104.1915714 -73.88285714 0)
(-95.48171429 -73.88285714 0)
(-86.77185714 -73.88285714 0)
(-78.062 -73.88285714 0)
(-200 -65.17714286 0)
(-191.2901429 -65.17714286 0)
(-182.5802857 -65.17714286 0)
(-173.8704286 -65.17714286 0)
(-165.1605714 -65.17714286 0)
(-156.4507143 -65.17714286 0)
(-147.7408571 -65.17714286 0)
(-139.031 -65.17714286 0)
(-130.3211429 -65.17714286 0)
(-121.6112857 -65.17714286 0)
(-112.9014286 -65.17714286 0)
(-104.1915714 -65.17714286 0)
(-95.48171429 -65.17714286 0)
(-86.77185714 -65.17714286 0)
(-78.062 -65.17714286 0)
(-200 -56.47142857 0)
(-191.2901429 -56.47142857 0)
(-182.5802857 -56.47142857 0)
(-173.8704286 -56.47142857 0)
(-165.1605714 -56.47142857 0)
(-156.4507143 -56.47142857 0)
(-147.7408571 -56.47142857 0)
(-139.031 -56.47142857 0)
(-130.3211429 -56.47142857 0)
(-121.6112857 -56.47142857 0)
(-112.9014286 -56.47142857 0)
(-104.1915714 -56.47142857 0)
(-95.48171429 -56.47142857 0)
(-86.77185714 -56.47142857 0)
(-78.062 -56.47142857 0)
(-200 -47.76571429 0)
(-191.2901429 -47.76571429 0)
(-182.5802857 -47.76571429 0)
(-173.8704286 -47.76571429 0)
(-165.1605714 -47.76571429 0)
(-156.4507143 -47.76571429 0)
(-147.7408571 -47.76571429 0)
(-139.031 -47.76571429 0)
(-130.3211429 -47.76571429 0)
(-121.6112857 -47.76571429 0)
(-112.9014286 -47.76571429 0)
(-104.1915714 -47.76571429 0)
(-95.48171429 -47.76571429 0)
(-86.77185714 -47.76571429 0)
(-78.062 -47.76571429 0)
(-200 -39.06 0)
(-191.2901429 -39.06 0)
(-182.5802857 -39.06 0)
(-173.8704286 -39.06 0)
(-165.1605714 -39.06 0)
(-156.4507143 -39.06 0)
(-147.7408571 -39.06 0)
(-139.031 -39.06 0)
(-130.3211429 -39.06 0)
(-121.6112857 -39.06 0)
(-112.9014286 -39.06 0)
(-104.1915714 -39.06 0)
(-95.48171429 -39.06 0)
(-86.77185714 -39.06 0)
(-78.062 -39.06 0)
(-200 -100 1)
(-191.2901429 -100 1)
(-182.5802857 -100 1)
(-173.8704286 -100 1)
(-165.1605714 -100 1)
(-156.4507143 -100 1)
(-147.7408571 -100 1)
(-139.031 -100 1)
(-130.3211429 -100 1)
(-121.6112857 -100 1)
(-112.9014286 -100 1)
(-104.1915714 -100 1)
(-95.48171429 -100 1)
(-86.77185714 -100 1)
(-78.062 -100 1)
(-200 -91.29428571 1)
(-191.2901429 -91.29428571 1)
(-182.5802857 -91.29428571 1)
(-173.8704286 -91.29428571 1)
(-165.1605714 -91.29428571 1)
(-156.4507143 -91.29428571 1)
(-147.7408571 -91.29428571 1)
(-139.031 -91.29428571 1)
(-130.3211429 -91.29428571 1)
(-121.6112857 -91.29428571 1)
(-112.9014286 -91.29428571 1)
(-104.1915714 -91.29428571 1)
(-95.48171429 -91.29428571 1)
(-86.77185714 -91.29428571 1)
(-78.062 -91.29428571 1)
(-200 -82.58857143 1)
(-191.2901429 -82.58857143 1)
(-182.5802857 -82.58857143 1)
(-173.8704286 -82.58857143 1)
(-165.1605714 -82.58857143 1)
(-156.4507143 -82.58857143 1)
(-147.7408571 -82.58857143 1)
(-139.031 -82.58857143 1)
(-130.3211429 -82.58857143 1)
(-121.6112857 -82.58857143 1)
(-112.9014286 -82.58857143 1)
(-104.1915714 -82.58857143 1)
(-95.48171429 -82.58857143 1)
(-86.77185714 -82.58857143 1)
(-78.062 -82.58857143 1)
(-200 -73.88285714 1)
(-191.2901429 -73.88285714 1)
(-182.5802857 -73.88285714 1)
(-173.8704286 -73.88285714 1)
(-165.1605714 -73.88285714 1)
(-156.4507143 -73.88285714 1)
(-147.7408571 -73.88285714 1)
(-139.031 -73.88285714 1)
(-130.3211429 -73.88285714 1)
(-121.6112857 -73.88285714 1)
(-112.9014286 -73.88285714 1)
(-104.1915714 -73.88285714 1)
(-95.48171429 -73.88285714 1)
(-86.77185714 -73.88285714 1)
(-78.062 -73.88285714 1)
(-200 -65.17714286 1)
(-191.2901429 -65.17714286 1)
(-182.5802857 -65.17714286 1)
(-173.8704286 -65.17714286 1)
(-165.1605714 -65.17714286 1)
(-156.4507143 -65.17714286 1)
(-147.7408571 -65.17714286 1)
(-139.031 -65.17714286 1)
(-130.3211429 -65.17714286 1)
(-121.6112857 -65.17714286 1)
(-112.9014286 -65.17714286 1)
(-104.1915714 -65.17714286 1)
(-95.48171429 -65.17714286 1)
(-86.77185714 -65.17714286 1)
(-78.062 -65.17714286 1)
(-200 -56.47142857 1)
(-191.2901429 -56.47142857 1)
(-182.5802857 -56.47142857 1)
(-173.8704286 -56.47142857 1)
(-165.1605714 -56.47142857 1)
(-156.4507143 -56.47142857 1)
(-147.7408571 -56.47142857 1)
(-139.031 -56.47142857 1)
(-130.3211429 -56.47142857 1)
(-121.6112857 -56.47142857 1)
(-112.9014286 -56.47142857 1)
(-104.1915714 -56.47142857 1)
(-95.48171429 -56.47142857 1)
(-86.77185714 -56.47142857 1)
(-78.062 -56.47142857 1)
(-200 -47.76571429 1)
(-191.2901429 -47.76571429 1)
(-182.5802857 -47.76571429 1)
(-173.8704286 -47.76571429 1)
(-165.1605714 -47.76571429 1)
(-156.4507143 -47.76571429 1)
(-147.7408571 -47.76571429 1)
(-139.031 -47.76571429 1)
(-130.3211429 -47.76571429 1)
(-121.6112857 -47.76571429 1)
(-112.9014286 -47.76571429 1)
(-104.1915714 -47.76571429 1)
(-95.48171429 -47.76571429 1)
(-86.77185714 -47.76571429 1)
(-78.062 -47.76571429 1)
(-200 -39.06 1)
(-191.2901429 -39.06 1)
(-182.5802857 -39.06 1)
(-173.8704286 -39.06 1)
(-165.1605714 -39.06 1)
(-156.4507143 -39.06 1)
(-147.7408571 -39.06 1)
(-139.031 -39.06 1)
(-130.3211429 -39.06 1)
(-121.6112857 -39.06 1)
(-112.9014286 -39.06 1)
(-104.1915714 -39.06 1)
(-95.48171429 -39.06 1)
(-86.77185714 -39.06 1)
(-78.062 -39.06 1)
(-66.91028571 -100 0)
(-55.75857143 -100 0)
(-44.60685714 -100 0)
(-33.45514286 -100 0)
(-22.30342857 -100 0)
(-11.15171429 -100 0)
(0 -100 0)
(-67.10147003 -92.2397835 0)
(-56.03513508 -93.00663625 0)
(-44.89682386 -93.61209918 0)
(-33.7094837 -94.07009095 0)
(-22.48947629 -94.39034345 0)
(-11.24948478 -94.57981118 0)
(0 -94.64285714 0)
(-67.29265435 -84.47956701 0)
(-56.31169873 -86.01327251 0)
(-45.18679057 -87.22419837 0)
(-33.96382454 -88.14018189 0)
(-22.67552401 -88.78068691 0)
(-11.34725528 -89.15962236 0)
(0 -89.28571429 0)
(-67.48383867 -76.71935051 0)
(-56.58826237 -79.01990876 0)
(-45.47675728 -80.83629755 0)
(-34.21816538 -82.21027284 0)
(-22.86157173 -83.17103036 0)
(-11.44502578 -83.73943354 0)
(0 -83.92857143 0)
(-67.67502299 -68.95913402 0)
(-56.86482602 -72.02654501 0)
(-45.76672399 -74.44839674 0)
(-34.47250622 -76.28036378 0)
(-23.04761945 -77.56137382 0)
(-11.54279628 -78.31924472 0)
(0 -78.57142857 0)
(-67.86620731 -61.19891752 0)
(-57.14138967 -65.03318127 0)
(-46.05669071 -68.06049592 0)
(-34.72684705 -70.35045473 0)
(-23.23366717 -71.95171727 0)
(-11.64056677 -72.8990559 0)
(0 -73.21428571 0)
(-68.05739163 -53.43870103 0)
(-57.41795332 -58.03981752 0)
(-46.34665742 -61.6725951 0)
(-34.98118789 -64.42054567 0)
(-23.41971489 -66.34206073 0)
(-11.73833727 -67.47886708 0)
(0 -67.85714286 0)
(-68.24857595 -45.67848453 0)
(-57.69451697 -51.04645377 0)
(-46.63662413 -55.28469429 0)
(-35.23552873 -58.49063662 0)
(-23.60576261 -60.73240418 0)
(-11.83610777 -62.05867825 0)
(0 -62.5 0)
(-66.91028571 -100 1)
(-55.75857143 -100 1)
(-44.60685714 -100 1)
(-33.45514286 -100 1)
(-22.30342857 -100 1)
(-11.15171429 -100 1)
(0 -100 1)
(-67.10147003 -92.2397835 1)
(-56.03513508 -93.00663625 1)
(-44.89682386 -93.61209918 1)
(-33.7094837 -94.07009095 1)
(-22.48947629 -94.39034345 1)
(-11.24948478 -94.57981118 1)
(0 -94.64285714 1)
(-67.29265435 -84.47956701 1)
(-56.31169873 -86.01327251 1)
(-45.18679057 -87.22419837 1)
(-33.96382454 -88.14018189 1)
(-22.67552401 -88.78068691 1)
(-11.34725528 -89.15962236 1)
(0 -89.28571429 1)
(-67.48383867 -76.71935051 1)
(-56.58826237 -79.01990876 1)
(-45.47675728 -80.83629755 1)
(-34.21816538 -82.21027284 1)
(-22.86157173 -83.17103036 1)
(-11.44502578 -83.73943354 1)
(0 -83.92857143 1)
(-67.67502299 -68.95913402 1)
(-56.86482602 -72.02654501 1)
(-45.76672399 -74.44839674 1)
(-34.47250622 -76.28036378 1)
(-23.04761945 -77.56137382 1)
(-11.54279628 -78.31924472 1)
(0 -78.57142857 1)
(-67.86620731 -61.19891752 1)
(-57.14138967 -65.03318127 1)
(-46.05669071 -68.06049592 1)
(-34.72684705 -70.35045473 1)
(-23.23366717 -71.95171727 1)
(-11.64056677 -72.8990559 1)
(0 -73.21428571 1)
(-68.05739163 -53.43870103 1)
(-57.41795332 -58.03981752 1)
(-46.34665742 -61.6725951 1)
(-34.98118789 -64.42054567 1)
(-23.41971489 -66.34206073 1)
(-11.73833727 -67.47886708 1)
(0 -67.85714286 1)
(-68.24857595 -45.67848453 1)
(-57.69451697 -51.04645377 1)
(-46.63662413 -55.28469429 1)
(-35.23552873 -58.49063662 1)
(-23.60576261 -60.73240418 1)
(-11.83610777 -62.05867825 1)
(0 -62.5 1)
(11.15171429 -100 0)
(22.30342857 -100 0)
(33.45514286 -100 0)
(44.60685714 -100 0)
(55.75857143 -100 0)
(66.91028571 -100 0)
(78.062 -100 0)
(11.24948478 -94.57981118 0)
(22.48947629 -94.39034345 0)
(33.7094837 -94.07009095 0)
(44.89682386 -93.61209918 0)
(56.03513508 -93.00663625 0)
(67.10147003 -92.2397835 0)
(78.062 -91.29428571 0)
(11.34725528 -89.15962236 0)
(22.67552401 -88.78068691 0)
(33.96382454 -88.14018189 0)
(45.18679057 -87.22419837 0)
(56.31169873 -86.01327251 0)
(67.29265435 -84.47956701 0)
(78.062 -82.58857143 0)
(11.44502578 -83.73943354 0)
(22.86157173 -83.17103036 0)
(34.21816538 -82.21027284 0)
(45.47675728 -80.83629755 0)
(56.58826237 -79.01990876 0)
(67.48383867 -76.71935051 0)
(78.062 -73.88285714 0)
(11.54279628 -78.31924472 0)
(23.04761945 -77.56137382 0)
(34.47250622 -76.28036378 0)
(45.76672399 -74.44839674 0)
(56.86482602 -72.02654501 0)
(67.67502299 -68.95913402 0)
(78.062 -65.17714286 0)
(11.64056677 -72.8990559 0)
(23.23366717 -71.95171727 0)
(34.72684705 -70.35045473 0)
(46.05669071 -68.06049592 0)
(57.14138967 -65.03318127 0)
(67.86620731 -61.19891752 0)
(78.062 -56.47142857 0)
(11.73833727 -67.47886708 0)
(23.41971489 -66.34206073 0)
(34.98118789 -64.42054567 0)
(46.34665742 -61.6725951 0)
(57.41795332 -58.03981752 0)
(68.05739163 -53.43870103 0)
(78.062 -47.76571429 0)
(11.83610777 -62.05867825 0)
(23.60576261 -60.73240418 0)
(35.23552873 -58.49063662 0)
(46.63662413 -55.28469429 0)
(57.69451697 -51.04645377 0)
(68.24857595 -45.67848453 0)
(78.062 -39.06 0)
(11.15171429 -100 1)
(22.30342857 -100 1)
(33.45514286 -100 1)
(44.60685714 -100 1)
(55.75857143 -100 1)
(66.91028571 -100 1)
(78.062 -100 1)
(11.24948478 -94.57981118 1)
(22.48947629 -94.39034345 1)
(33.7094837 -94.07009095 1)
(44.89682386 -93.61209918 1)
(56.03513508 -93.00663625 1)
(67.10147003 -92.2397835 1)
(78.062 -91.29428571 1)
(11.34725528 -89.15962236 1)
(22.67552401 -88.78068691 1)
(33.96382454 -88.14018189 1)
(45.18679057 -87.22419837 1)
(56.31169873 -86.01327251 1)
(67.29265435 -84.47956701 1)
(78.062 -82.58857143 1)
(11.44502578 -83.73943354 1)
(22.86157173 -83.17103036 1)
(34.21816538 -82.21027284 1)
(45.47675728 -80.83629755 1)
(56.58826237 -79.01990876 1)
(67.48383867 -76.71935051 1)
(78.062 -73.88285714 1)
(11.54279628 -78.31924472 1)
(23.04761945 -77.56137382 1)
(34.47250622 -76.28036378 1)
(45.76672399 -74.44839674 1)
(56.86482602 -72.02654501 1)
(67.67502299 -68.95913402 1)
(78.062 -65.17714286 1)
(11.64056677 -72.8990559 1)
(23.23366717 -71.95171727 1)
(34.72684705 -70.35045473 1)
(46.05669071 -68.06049592 1)
(57.14138967 -65.03318127 1)
(67.86620731 -61.19891752 1)
(78.062 -56.47142857 1)
(11.73833727 -67.47886708 1)
(23.41971489 -66.34206073 1)
(34.98118789 -64.42054567 1)
(46.34665742 -61.6725951 1)
(57.41795332 -58.03981752 1)
(68.05739163 -53.43870103 1)
(78.062 -47.76571429 1)
(11.83610777 -62.05867825 1)
(23.60576261 -60.73240418 1)
(35.23552873 -58.49063662 1)
(46.63662413 -55.28469429 1)
(57.69451697 -51.04645377 1)
(68.24857595 -45.67848453 1)
(78.062 -39.06 1)
(86.77185714 -100 0)
(95.48171429 -100 0)
(104.1915714 -100 0)
(112.9014286 -100 0)
(121.6112857 -100 0)
(130.3211429 -100 0)
(139.031 -100 0)
(147.7408571 -100 0)
(156.4507143 -100 0)
(165.1605714 -100 0)
(173.8704286 -100 0)
(182.5802857 -100 0)
(191.2901429 -100 0)
(200 -100 0)
(86.77185714 -91.29428571 0)
(95.48171429 -91.29428571 0)
(104.1915714 -91.29428571 0)
(112.9014286 -91.29428571 0)
(121.6112857 -91.29428571 0)
(130.3211429 -91.29428571 0)
(139.031 -91.29428571 0)
(147.7408571 -91.29428571 0)
(156.4507143 -91.29428571 0)
(165.1605714 -91.29428571 0)
(173.8704286 -91.29428571 0)
(182.5802857 -91.29428571 0)
(191.2901429 -91.29428571 0)
(200 -91.29428571 0)
(86.77185714 -82.58857143 0)
(95.48171429 -82.58857143 0)
(104.1915714 -82.58857143 0)
(112.9014286 -82.58857143 0)
(121.6112857 -82.58857143 0)
(130.3211429 -82.58857143 0)
(139.031 -82.58857143 0)
(147.7408571 -82.58857143 0)
(156.4507143 -82.58857143 0)
(165.1605714 -82.58857143 0)
(173.8704286 -82.58857143 0)
(182.5802857 -82.58857143 0)
(191.2901429 -82.58857143 0)
(200 -82.58857143 0)
(86.77185714 -73.88285714 0)
(95.48171429 -73.88285714 0)
(104.1915714 -73.88285714 0)
(112.9014286 -73.88285714 0)
(121.6112857 -73.88285714 0)
(130.3211429 -73.88285714 0)
(139.031 -73.88285714 0)
(147.7408571 -73.88285714 0)
(156.4507143 -73.88285714 0)
(165.1605714 -73.88285714 0)
(173.8704286 -73.88285714 0)
(182.5802857 -73.88285714 0)
(191.2901429 -73.88285714 0)
(200 -73.88285714 0)
(86.77185714 -65.17714286 0)
(95.48171429 -65.17714286 0)
(104.1915714 -65.17714286 0)
(112.9014286 -65.17714286 0)
(121.6112857 -65.17714286 0)
(130.3211429 -65.17714286 0)
(139.031 -65.17714286 0)
(147.7408571 -65.17714286 0)
(156.4507143 -65.17714286 0)
(165.1605714 -65.17714286 0)
(173.8704286 -65.17714286 0)
(182.5802857 -65.17714286 0)
(191.2901429 -65.17714286 0)
(200 -65.17714286 0)
(86.77185714 -56.47142857 0)
(95.48171429 -56.47142857 0)
(104.1915714 -56.47142857 0)
(112.9014286 -56.47142857 0)
(121.6112857 -56.47142857 0)
(130.3211429 -56.47142857 0)
(139.031 -56.47142857 0)
(147.7408571 -56.47142857 0)
(156.4507143 -56.47142857 0)
(165.1605714 -56.47142857 0)
(173.8704286 -56.47142857 0)
(182.5802857 -56.47142857 0)
(191.2901429 -56.47142857 0)
(200 -56.47142857 0)
(86.77185714 -47.76571429 0)
(95.48171429 -47.76571429 0)
(104.1915714 -47.76571429 0)
(112.9014286 -47.76571429 0)
(121.6112857 -47.76571429 0)
(130.3211429 -47.76571429 0)
(139.031 -47.76571429 0)
(147.7408571 -47.76571429 0)
(156.4507143 -47.76571429 0)
(165.1605714 -47.76571429 0)
(173.8704286 -47.76571429 0)
(182.5802857 -47.76571429 0)
(191.2901429 -47.76571429 0)
(200 -47.76571429 0)
(86.77185714 -39.06 0)
(95.48171429 -39.06 0)
(104.1915714 -39.06 0)
(112.9014286 -39.06 0)
(121.6112857 -39.06 0)
(130.3211429 -39.06 0)
(139.031 -39.06 0)
(147.7408571 -39.06 0)
(156.4507143 -39.06 0)
(165.1605714 -39.06 0)
(173.8704286 -39.06 0)
(182.5802857 -39.06 0)
(191.2901429 -39.06 0)
(200 -39.06 0)
(86.77185714 -100 1)
(95.48171429 -100 1)
(104.1915714 -100 1)
(112.9014286 -100 1)
(121.6112857 -100 1)
(130.3211429 -100 1)
(139.031 -100 1)
(147.7408571 -100 1)
(156.4507143 -100 1)
(165.1605714 -100 1)
(173.8704286 -100 1)
(182.5802857 -100 1)
(191.2901429 -100 1)
(200 -100 1)
(86.77185714 -91.29428571 1)
(95.48171429 -91.29428571 1)
(104.1915714 -91.29428571 1)
(112.9014286 -91.29428571 1)
(121.6112857 -91.29428571 1)
(130.3211429 -91.29428571 1)
(139.031 -91.29428571 1)
(147.7408571 -91.29428571 1)
(156.4507143 -91.29428571 1)
(165.1605714 -91.29428571 1)
(173.8704286 -91.29428571 1)
(182.5802857 -91.29428571 1)
(191.2901429 -91.29428571 1)
(200 -91.29428571 1)
(86.77185714 -82.58857143 1)
(95.48171429 -82.58857143 1)
(104.1915714 -82.58857143 1)
(112.9014286 -82.58857143 1)
(121.6112857 -82.58857143 1)
(130.3211429 -82.58857143 1)
(139.031 -82.58857143 1)
(147.7408571 -82.58857143 1)
(156.4507143 -82.58857143 1)
(165.1605714 -82.58857143 1)
(173.8704286 -82.58857143 1)
(182.5802857 -82.58857143 1)
(191.2901429 -82.58857143 1)
(200 -82.58857143 1)
(86.77185714 -73.88285714 1)
(95.48171429 -73.88285714 1)
(104.1915714 -73.88285714 1)
(112.9014286 -73.88285714 1)
(121.6112857 -73.88285714 1)
(130.3211429 -73.88285714 1)
(139.031 -73.88285714 1)
(147.7408571 -73.88285714 1)
(156.4507143 -73.88285714 1)
(165.1605714 -73.88285714 1)
(173.8704286 -73.88285714 1)
(182.5802857 -73.88285714 1)
(191.2901429 -73.88285714 1)
(200 -73.88285714 1)
(86.77185714 -65.17714286 1)
(95.48171429 -65.17714286 1)
(104.1915714 -65.17714286 1)
(112.9014286 -65.17714286 1)
(121.6112857 -65.17714286 1)
(130.3211429 -65.17714286 1)
(139.031 -65.17714286 1)
(147.7408571 -65.17714286 1)
(156.4507143 -65.17714286 1)
(165.1605714 -65.17714286 1)
(173.8704286 -65.17714286 1)
(182.5802857 -65.17714286 1)
(191.2901429 -65.17714286 1)
(200 -65.17714286 1)
(86.77185714 -56.47142857 1)
(95.48171429 -56.47142857 1)
(104.1915714 -56.47142857 1)
(112.9014286 -56.47142857 1)
(121.6112857 -56.47142857 1)
(130.3211429 -56.47142857 1)
(139.031 -56.47142857 1)
(147.7408571 -56.47142857 1)
(156.4507143 -56.47142857 1)
(165.1605714 -56.47142857 1)
(173.8704286 -56.47142857 1)
(182.5802857 -56.47142857 1)
(191.2901429 -56.47142857 1)
(200 -56.47142857 1)
(86.77185714 -47.76571429 1)
(95.48171429 -47.76571429 1)
(104.1915714 -47.76571429 1)
(112.9014286 -47.76571429 1)
(121.6112857 -47.76571429 1)
(130.3211429 -47.76571429 1)
(139.031 -47.76571429 1)
(147.7408571 -47.76571429 1)
(156.4507143 -47.76571429 1)
(165.1605714 -47.76571429 1)
(173.8704286 -47.76571429 1)
(182.5802857 -47.76571429 1)
(191.2901429 -47.76571429 1)
(200 -47.76571429 1)
(86.77185714 -39.06 1)
(95.48171429 -39.06 1)
(104.1915714 -39.06 1)
(112.9014286 -39.06 1)
(121.6112857 -39.06 1)
(130.3211429 -39.06 1)
(139.031 -39.06 1)
(147.7408571 -39.06 1)
(156.4507143 -39.06 1)
(165.1605714 -39.06 1)
(173.8704286 -39.06 1)
(182.5802857 -39.06 1)
(191.2901429 -39.06 1)
(200 -39.06 1)
(83.10233132 -34.76414989 0)
(91.4521648 -34.67242489 0)
(99.80199828 -34.5806999 0)
(108.1518318 -34.48897491 0)
(116.5016652 -34.39724992 0)
(124.8514987 -34.30552493 0)
(133.2013322 -34.21379993 0)
(141.5511657 -34.12207494 0)
(149.9009991 -34.03034995 0)
(158.2508326 -33.93862496 0)
(166.6006661 -33.84689997 0)
(174.9504996 -33.75517498 0)
(183.300333 -33.66344998 0)
(191.6501665 -33.57172499 0)
(200 -33.48 0)
(87.71712226 -30.00972 0)
(95.73732782 -29.85902572 0)
(103.7575334 -29.70833143 0)
(111.7777389 -29.55763714 0)
(119.7979445 -29.40694286 0)
(127.81815 -29.25624857 0)
(135.8383556 -29.10555429 0)
(143.8585611 -28.95486 0)
(151.8787667 -28.80416572 0)
(159.8989722 -28.65347143 0)
(167.9191778 -28.50277714 0)
(175.9393833 -28.35208286 0)
(183.9595889 -28.20138857 0)
(191.9797944 -28.05069429 0)
(200 -27.9 0)
(91.7962334 -24.78954376 0)
(99.52507387 -24.61314778 0)
(107.2539143 -24.43675179 0)
(114.9827548 -24.26035581 0)
(122.7115953 -24.08395983 0)
(130.4404358 -23.90756385 0)
(138.1692762 -23.73116786 0)
(145.8981167 -23.55477188 0)
(153.6269572 -23.3783759 0)
(161.3557976 -23.20197991 0)
(169.0846381 -23.02558393 0)
(176.8134786 -22.84918795 0)
(184.5423191 -22.67279197 0)
(192.2711595 -22.49639598 0)
(200 -22.32 0)
(95.20756648 -19.11176514 0)
(102.6927403 -18.94235335 0)
(110.1779141 -18.77294155 0)
(117.663088 -18.60352976 0)
(125.1482618 -18.43411796 0)
(132.6334356 -18.26470616 0)
(140.1186094 -18.09529437 0)
(147.6037832 -17.92588257 0)
(155.0889571 -17.75647078 0)
(162.5741309 -17.58705898 0)
(170.0593047 -17.41764718 0)
(177.5444785 -17.24823539 0)
(185.0296524 -17.07882359 0)
(192.5148262 -16.9094118 0)
(200 -16.74 0)
(97.8040467 -13.01943795 0)
(105.1037576 -12.88662095 0)
(112.4034686 -12.75380395 0)
(119.7031795 -12.62098696 0)
(127.0028905 -12.48816996 0)
(134.3026014 -12.35535297 0)
(141.6023124 -12.22253597 0)
(148.9020233 -12.08971897 0)
(156.2017343 -11.95690198 0)
(163.5014452 -11.82408498 0)
(170.8011562 -11.69126798 0)
(178.1008671 -11.55845099 0)
(185.4005781 -11.42563399 0)
(192.700289 -11.292817 0)
(200 -11.16 0)
(99.42509376 -6.600073421 0)
(106.6090156 -6.527211034 0)
(113.7929375 -6.454348647 0)
(120.9768594 -6.38148626 0)
(128.1607813 -6.308623872 0)
(135.3447031 -6.235761485 0)
(142.528625 -6.162899098 0)
(149.7125469 -6.090036711 0)
(156.8964688 -6.017174323 0)
(164.0803906 -5.944311936 0)
(171.2643125 -5.871449549 0)
(178.4482344 -5.798587162 0)
(185.6321563 -5.725724774 0)
(192.8160781 -5.652862387 0)
(200 -5.58 0)
(100 0 0)
(107.1428571 0 0)
(114.2857143 0 0)
(121.4285714 0 0)
(128.5714286 0 0)
(135.7142857 0 0)
(142.8571429 0 0)
(150 0 0)
(157.1428571 0 0)
(164.2857143 0 0)
(171.4285714 0 0)
(178.5714286 0 0)
(185.7142857 0 0)
(192.8571429 0 0)
(200 0 0)
(83.10233132 -34.76414989 1)
(91.4521648 -34.67242489 1)
(99.80199828 -34.5806999 1)
(108.1518318 -34.48897491 1)
(116.5016652 -34.39724992 1)
(124.8514987 -34.30552493 1)
(133.2013322 -34.21379993 1)
(141.5511657 -34.12207494 1)
(149.9009991 -34.03034995 1)
(158.2508326 -33.93862496 1)
(166.6006661 -33.84689997 1)
(174.9504996 -33.75517498 1)
(183.300333 -33.66344998 1)
(191.6501665 -33.57172499 1)
(200 -33.48 1)
(87.71712226 -30.00972 1)
(95.73732782 -29.85902572 1)
(103.7575334 -29.70833143 1)
(111.7777389 -29.55763714 1)
(119.7979445 -29.40694286 1)
(127.81815 -29.25624857 1)
(135.8383556 -29.10555429 1)
(143.8585611 -28.95486 1)
(151.8787667 -28.80416572 1)
(159.8989722 -28.65347143 1)
(167.9191778 -28.50277714 1)
(175.9393833 -28.35208286 1)
(183.9595889 -28.20138857 1)
(191.9797944 -28.05069429 1)
(200 -27.9 1)
(91.7962334 -24.78954376 1)
(99.52507387 -24.61314778 1)
(107.2539143 -24.43675179 1)
(114.9827548 -24.26035581 1)
(122.7115953 -24.08395983 1)
(130.4404358 -23.90756385 1)
(138.1692762 -23.73116786 1)
(145.8981167 -23.55477188 1)
(153.6269572 -23.3783759 1)
(161.3557976 -23.20197991 1)
(169.0846381 -23.02558393 1)
(176.8134786 -22.84918795 1)
(184.5423191 -22.67279197 1)
(192.2711595 -22.49639598 1)
(200 -22.32 1)
(95.20756648 -19.11176514 1)
(102.6927403 -18.94235335 1)
(110.1779141 -18.77294155 1)
(117.663088 -18.60352976 1)
(125.1482618 -18.43411796 1)
(132.6334356 -18.26470616 1)
(140.1186094 -18.09529437 1)
(147.6037832 -17.92588257 1)
(155.0889571 -17.75647078 1)
(162.5741309 -17.58705898 1)
(170.0593047 -17.41764718 1)
(177.5444785 -17.24823539 1)
(185.0296524 -17.07882359 1)
(192.5148262 -16.9094118 1)
(200 -16.74 1)
(97.8040467 -13.01943795 1)
(105.1037576 -12.88662095 1)
(112.4034686 -12.75380395 1)
(119.7031795 -12.62098696 1)
(127.0028905 -12.48816996 1)
(134.3026014 -12.35535297 1)
(141.6023124 -12.22253597 1)
(148.9020233 -12.08971897 1)
(156.2017343 -11.95690198 1)
(163.5014452 -11.82408498 1)
(170.8011562 -11.69126798 1)
(178.1008671 -11.55845099 1)
(185.4005781 -11.42563399 1)
(192.700289 -11.292817 1)
(200 -11.16 1)
(99.42509376 -6.600073421 1)
(106.6090156 -6.527211034 1)
(113.7929375 -6.454348647 1)
(120.9768594 -6.38148626 1)
(128.1607813 -6.308623872 1)
(135.3447031 -6.235761485 1)
(142.528625 -6.162899098 1)
(149.7125469 -6.090036711 1)
(156.8964688 -6.017174323 1)
(164.0803906 -5.944311936 1)
(171.2643125 -5.871449549 1)
(178.4482344 -5.798587162 1)
(185.6321563 -5.725724774 1)
(192.8160781 -5.652862387 1)
(200 -5.58 1)
(100 0 1)
(107.1428571 0 1)
(114.2857143 0 1)
(121.4285714 0 1)
(128.5714286 0 1)
(135.7142857 0 1)
(142.8571429 0 1)
(150 0 1)
(157.1428571 0 1)
(164.2857143 0 1)
(171.4285714 0 1)
(178.5714286 0 1)
(185.7142857 0 1)
(192.8571429 0 1)
(200 0 1)
(99.42509376 6.600073421 0)
(106.6090156 6.527211034 0)
(113.7929375 6.454348647 0)
(120.9768594 6.38148626 0)
(128.1607813 6.308623872 0)
(135.3447031 6.235761485 0)
(142.528625 6.162899098 0)
(149.7125469 6.090036711 0)
(156.8964688 6.017174323 0)
(164.0803906 5.944311936 0)
(171.2643125 5.871449549 0)
(178.4482344 5.798587162 0)
(185.6321563 5.725724774 0)
(192.8160781 5.652862387 0)
(200 5.58 0)
(97.8040467 13.01943795 0)
(105.1037576 12.88662095 0)
(112.4034686 12.75380395 0)
(119.7031795 12.62098696 0)
(127.0028905 12.48816996 0)
(134.3026014 12.35535297 0)
(141.6023124 12.22253597 0)
(148.9020233 12.08971897 0)
(156.2017343 11.95690198 0)
(163.5014452 11.82408498 0)
(170.8011562 11.69126798 0)
(178.1008671 11.55845099 0)
(185.4005781 11.42563399 0)
(192.700289 11.292817 0)
(200 11.16 0)
(95.20756648 19.11176514 0)
(102.6927403 18.94235335 0)
(110.1779141 18.77294155 0)
(117.663088 18.60352976 0)
(125.1482618 18.43411796 0)
(132.6334356 18.26470616 0)
(140.1186094 18.09529437 0)
(147.6037832 17.92588257 0)
(155.0889571 17.75647078 0)
(162.5741309 17.58705898 0)
(170.0593047 17.41764718 0)
(177.5444785 17.24823539 0)
(185.0296524 17.07882359 0)
(192.5148262 16.9094118 0)
(200 16.74 0)
(91.7962334 24.78954376 0)
(99.52507387 24.61314778 0)
(107.2539143 24.43675179 0)
(114.9827548 24.26035581 0)
(122.7115953 24.08395983 0)
(130.4404358 23.90756385 0)
(138.1692762 23.73116786 0)
(145.8981167 23.55477188 0)
(153.6269572 23.3783759 0)
(161.3557976 23.20197991 0)
(169.0846381 23.02558393 0)
(176.8134786 22.84918795 0)
(184.5423191 22.67279197 0)
(192.2711595 22.49639598 0)
(200 22.32 0)
(87.71712226 30.00972 0)
(95.73732782 29.85902572 0)
(103.7575334 29.70833143 0)
(111.7777389 29.55763714 0)
(119.7979445 29.40694286 0)
(127.81815 29.25624857 0)
(135.8383556 29.10555429 0)
(143.8585611 28.95486 0)
(151.8787667 28.80416572 0)
(159.8989722 28.65347143 0)
(167.9191778 28.50277714 0)
(175.9393833 28.35208286 0)
(183.9595889 28.20138857 0)
(191.9797944 28.05069429 0)
(200 27.9 0)
(83.10233132 34.76414989 0)
(91.4521648 34.67242489 0)
(99.80199828 34.5806999 0)
(108.1518318 34.48897491 0)
(116.5016652 34.39724992 0)
(124.8514987 34.30552493 0)
(133.2013322 34.21379993 0)
(141.5511657 34.12207494 0)
(149.9009991 34.03034995 0)
(158.2508326 33.93862496 0)
(166.6006661 33.84689997 0)
(174.9504996 33.75517498 0)
(183.300333 33.66344998 0)
(191.6501665 33.57172499 0)
(200 33.48 0)
(78.062 39.06 0)
(86.77185714 39.06 0)
(95.48171429 39.06 0)
(104.1915714 39.06 0)
(112.9014286 39.06 0)
(121.6112857 39.06 0)
(130.3211429 39.06 0)
(139.031 39.06 0)
(147.7408571 39.06 0)
(156.4507143 39.06 0)
(165.1605714 39.06 0)
(173.8704286 39.06 0)
(182.5802857 39.06 0)
(191.2901429 39.06 0)
(200 39.06 0)
(99.42509376 6.600073421 1)
(106.6090156 6.527211034 1)
(113.7929375 6.454348647 1)
(120.9768594 6.38148626 1)
(128.1607813 6.308623872 1)
(135.3447031 6.235761485 1)
(142.528625 6.162899098 1)
(149.7125469 6.090036711 1)
(156.8964688 6.017174323 1)
(164.0803906 5.944311936 1)
(171.2643125 5.871449549 1)
(178.4482344 5.798587162 1)
(185.6321563 5.725724774 1)
(192.8160781 5.652862387 1)
(200 5.58 1)
(97.8040467 13.01943795 1)
(105.1037576 12.88662095 1)
(112.4034686 12.75380395 1)
(119.7031795 12.62098696 1)
(127.0028905 12.48816996 1)
(134.3026014 12.35535297 1)
(141.6023124 12.22253597 1)
(148.9020233 12.08971897 1)
(156.2017343 11.95690198 1)
(163.5014452 11.82408498 1)
(170.8011562 11.69126798 1)
(178.1008671 11.55845099 1)
(185.4005781 11.42563399 1)
(192.700289 11.292817 1)
(200 11.16 1)
(95.20756648 19.11176514 1)
(102.6927403 18.94235335 1)
(110.1779141 18.77294155 1)
(117.663088 18.60352976 1)
(125.1482618 18.43411796 1)
(132.6334356 18.26470616 1)
(140.1186094 18.09529437 1)
(147.6037832 17.92588257 1)
(155.0889571 17.75647078 1)
(162.5741309 17.58705898 1)
(170.0593047 17.41764718 1)
(177.5444785 17.24823539 1)
(185.0296524 17.07882359 1)
(192.5148262 16.9094118 1)
(200 16.74 1)
(91.7962334 24.78954376 1)
(99.52507387 24.61314778 1)
(107.2539143 24.43675179 1)
(114.9827548 24.26035581 1)
(122.7115953 24.08395983 1)
(130.4404358 23.90756385 1)
(138.1692762 23.73116786 1)
(145.8981167 23.55477188 1)
(153.6269572 23.3783759 1)
(161.3557976 23.20197991 1)
(169.0846381 23.02558393 1)
(176.8134786 22.84918795 1)
(184.5423191 22.67279197 1)
(192.2711595 22.49639598 1)
(200 22.32 1)
(87.71712226 30.00972 1)
(95.73732782 29.85902572 1)
(103.7575334 29.70833143 1)
(111.7777389 29.55763714 1)
(119.7979445 29.40694286 1)
(127.81815 29.25624857 1)
(135.8383556 29.10555429 1)
(143.8585611 28.95486 1)
(151.8787667 28.80416572 1)
(159.8989722 28.65347143 1)
(167.9191778 28.50277714 1)
(175.9393833 28.35208286 1)
(183.9595889 28.20138857 1)
(191.9797944 28.05069429 1)
(200 27.9 1)
(83.10233132 34.76414989 1)
(91.4521648 34.67242489 1)
(99.80199828 34.5806999 1)
(108.1518318 34.48897491 1)
(116.5016652 34.39724992 1)
(124.8514987 34.30552493 1)
(133.2013322 34.21379993 1)
(141.5511657 34.12207494 1)
(149.9009991 34.03034995 1)
(158.2508326 33.93862496 1)
(166.6006661 33.84689997 1)
(174.9504996 33.75517498 1)
(183.300333 33.66344998 1)
(191.6501665 33.57172499 1)
(200 33.48 1)
(78.062 39.06 1)
(86.77185714 39.06 1)
(95.48171429 39.06 1)
(104.1915714 39.06 1)
(112.9014286 39.06 1)
(121.6112857 39.06 1)
(130.3211429 39.06 1)
(139.031 39.06 1)
(147.7408571 39.06 1)
(156.4507143 39.06 1)
(165.1605714 39.06 1)
(173.8704286 39.06 1)
(182.5802857 39.06 1)
(191.2901429 39.06 1)
(200 39.06 1)
(78.062 47.76571429 0)
(86.77185714 47.76571429 0)
(95.48171429 47.76571429 0)
(104.1915714 47.76571429 0)
(112.9014286 47.76571429 0)
(121.6112857 47.76571429 0)
(130.3211429 47.76571429 0)
(139.031 47.76571429 0)
(147.7408571 47.76571429 0)
(156.4507143 47.76571429 0)
(165.1605714 47.76571429 0)
(173.8704286 47.76571429 0)
(182.5802857 47.76571429 0)
(191.2901429 47.76571429 0)
(200 47.76571429 0)
(78.062 56.47142857 0)
(86.77185714 56.47142857 0)
(95.48171429 56.47142857 0)
(104.1915714 56.47142857 0)
(112.9014286 56.47142857 0)
(121.6112857 56.47142857 0)
(130.3211429 56.47142857 0)
(139.031 56.47142857 0)
(147.7408571 56.47142857 0)
(156.4507143 56.47142857 0)
(165.1605714 56.47142857 0)
(173.8704286 56.47142857 0)
(182.5802857 56.47142857 0)
(191.2901429 56.47142857 0)
(200 56.47142857 0)
(78.062 65.17714286 0)
(86.77185714 65.17714286 0)
(95.48171429 65.17714286 0)
(104.1915714 65.17714286 0)
(112.9014286 65.17714286 0)
(121.6112857 65.17714286 0)
(130.3211429 65.17714286 0)
(139.031 65.17714286 0)
(147.7408571 65.17714286 0)
(156.4507143 65.17714286 0)
(165.1605714 65.17714286 0)
(173.8704286 65.17714286 0)
(182.5802857 65.17714286 0)
(191.2901429 65.17714286 0)
(200 65.17714286 0)
(78.062 73.88285714 0)
(86.77185714 73.88285714 0)
(95.48171429 73.88285714 0)
(104.1915714 73.88285714 0)
(112.9014286 73.88285714 0)
(121.6112857 73.88285714 0)
(130.3211429 73.88285714 0)
(139.031 73.88285714 0)
(147.7408571 73.88285714 0)
(156.4507143 73.88285714 0)
(165.1605714 73.88285714 0)
(173.8704286 73.88285714 0)
(182.5802857 73.88285714 0)
(191.2901429 73.88285714 0)
(200 73.88285714 0)
(78.062 82.58857143 0)
(86.77185714 82.58857143 0)
(95.48171429 82.58857143 0)
(104.1915714 82.58857143 0)
(112.9014286 82.58857143 0)
(121.6112857 82.58857143 0)
(130.3211429 82.58857143 0)
(139.031 82.58857143 0)
(147.7408571 82.58857143 0)
(156.4507143 82.58857143 0)
(165.1605714 82.58857143 0)
(173.8704286 82.58857143 0)
(182.5802857 82.58857143 0)
(191.2901429 82.58857143 0)
(200 82.58857143 0)
(78.062 91.29428571 0)
(86.77185714 91.29428571 0)
(95.48171429 91.29428571 0)
(104.1915714 91.29428571 0)
(112.9014286 91.29428571 0)
(121.6112857 91.29428571 0)
(130.3211429 91.29428571 0)
(139.031 91.29428571 0)
(147.7408571 91.29428571 0)
(156.4507143 91.29428571 0)
(165.1605714 91.29428571 0)
(173.8704286 91.29428571 0)
(182.5802857 91.29428571 0)
(191.2901429 91.29428571 0)
(200 91.29428571 0)
(78.062 100 0)
(86.77185714 100 0)
(95.48171429 100 0)
(104.1915714 100 0)
(112.9014286 100 0)
(121.6112857 100 0)
(130.3211429 100 0)
(139.031 100 0)
(147.7408571 100 0)
(156.4507143 100 0)
(165.1605714 100 0)
(173.8704286 100 0)
(182.5802857 100 0)
(191.2901429 100 0)
(200 100 0)
(78.062 47.76571429 1)
(86.77185714 47.76571429 1)
(95.48171429 47.76571429 1)
(104.1915714 47.76571429 1)
(112.9014286 47.76571429 1)
(121.6112857 47.76571429 1)
(130.3211429 47.76571429 1)
(139.031 47.76571429 1)
(147.7408571 47.76571429 1)
(156.4507143 47.76571429 1)
(165.1605714 47.76571429 1)
(173.8704286 47.76571429 1)
(182.5802857 47.76571429 1)
(191.2901429 47.76571429 1)
(200 47.76571429 1)
(78.062 56.47142857 1)
(86.77185714 56.47142857 1)
(95.48171429 56.47142857 1)
(104.1915714 56.47142857 1)
(112.9014286 56.47142857 1)
(121.6112857 56.47142857 1)
(130.3211429 56.47142857 1)
(139.031 56.47142857 1)
(147.7408571 56.47142857 1)
(156.4507143 56.47142857 1)
(165.1605714 56.47142857 1)
(173.8704286 56.47142857 1)
(182.5802857 56.47142857 1)
(191.2901429 56.47142857 1)
(200 56.47142857 1)
(78.062 65.17714286 1)
(86.77185714 65.17714286 1)
(95.48171429 65.17714286 1)
(104.1915714 65.17714286 1)
(112.9014286 65.17714286 1)
(121.6112857 65.17714286 1)
(130.3211429 65.17714286 1)
(139.031 65.17714286 1)
(147.7408571 65.17714286 1)
(156.4507143 65.17714286 1)
(165.1605714 65.17714286 1)
(173.8704286 65.17714286 1)
(182.5802857 65.17714286 1)
(191.2901429 65.17714286 1)
(200 65.17714286 1)
(78.062 73.88285714 1)
(86.77185714 73.88285714 1)
(95.48171429 73.88285714 1)
(104.1915714 73.88285714 1)
(112.9014286 73.88285714 1)
(121.6112857 73.88285714 1)
(130.3211429 73.88285714 1)
(139.031 73.88285714 1)
(147.7408571 73.88285714 1)
(156.4507143 73.88285714 1)
(165.1605714 73.88285714 1)
(173.8704286 73.88285714 1)
(182.5802857 73.88285714 1)
(191.2901429 73.88285714 1)
(200 73.88285714 1)
(78.062 82.58857143 1)
(86.77185714 82.58857143 1)
(95.48171429 82.58857143 1)
(104.1915714 82.58857143 1)
(112.9014286 82.58857143 1)
(121.6112857 82.58857143 1)
(130.3211429 82.58857143 1)
(139.031 82.58857143 1)
(147.7408571 82.58857143 1)
(156.4507143 82.58857143 1)
(165.1605714 82.58857143 1)
(173.8704286 82.58857143 1)
(182.5802857 82.58857143 1)
(191.2901429 82.58857143 1)
(200 82.58857143 1)
(78.062 91.29428571 1)
(86.77185714 91.29428571 1)
(95.48171429 91.29428571 1)
(104.1915714 91.29428571 1)
(112.9014286 91.29428571 1)
(121.6112857 91.29428571 1)
(130.3211429 91.29428571 1)
(139.031 91.29428571 1)
(147.7408571 91.29428571 1)
(156.4507143 91.29428571 1)
(165.1605714 91.29428571 1)
(173.8704286 91.29428571 1)
(182.5802857 91.29428571 1)
(191.2901429 91.29428571 1)
(200 91.29428571 1)
(78.062 100 1)
(86.77185714 100 1)
(95.48171429 100 1)
(104.1915714 100 1)
(112.9014286 100 1)
(121.6112857 100 1)
(130.3211429 100 1)
(139.031 100 1)
(147.7408571 100 1)
(156.4507143 100 1)
(165.1605714 100 1)
(173.8704286 100 1)
(182.5802857 100 1)
(191.2901429 100 1)
(200 100 1)
(0 62.5 0)
(11.83610777 62.05867825 0)
(23.60576261 60.73240418 0)
(35.23552873 58.49063662 0)
(46.63662413 55.28469429 0)
(57.69451697 51.04645377 0)
(68.24857595 45.67848453 0)
(0 67.85714286 0)
(11.73833727 67.47886708 0)
(23.41971489 66.34206073 0)
(34.98118789 64.42054567 0)
(46.34665742 61.6725951 0)
(57.41795332 58.03981752 0)
(68.05739163 53.43870103 0)
(0 73.21428571 0)
(11.64056677 72.8990559 0)
(23.23366717 71.95171727 0)
(34.72684705 70.35045473 0)
(46.05669071 68.06049592 0)
(57.14138967 65.03318127 0)
(67.86620731 61.19891752 0)
(0 78.57142857 0)
(11.54279628 78.31924472 0)
(23.04761945 77.56137382 0)
(34.47250622 76.28036378 0)
(45.76672399 74.44839674 0)
(56.86482602 72.02654501 0)
(67.67502299 68.95913402 0)
(0 83.92857143 0)
(11.44502578 83.73943354 0)
(22.86157173 83.17103036 0)
(34.21816538 82.21027284 0)
(45.47675728 80.83629755 0)
(56.58826237 79.01990876 0)
(67.48383867 76.71935051 0)
(0 89.28571429 0)
(11.34725528 89.15962236 0)
(22.67552401 88.78068691 0)
(33.96382454 88.14018189 0)
(45.18679057 87.22419837 0)
(56.31169873 86.01327251 0)
(67.29265435 84.47956701 0)
(0 94.64285714 0)
(11.24948478 94.57981118 0)
(22.48947629 94.39034345 0)
(33.7094837 94.07009095 0)
(44.89682386 93.61209918 0)
(56.03513508 93.00663625 0)
(67.10147003 92.2397835 0)
(0 100 0)
(11.15171429 100 0)
(22.30342857 100 0)
(33.45514286 100 0)
(44.60685714 100 0)
(55.75857143 100 0)
(66.91028571 100 0)
(0 62.5 1)
(11.83610777 62.05867825 1)
(23.60576261 60.73240418 1)
(35.23552873 58.49063662 1)
(46.63662413 55.28469429 1)
(57.69451697 51.04645377 1)
(68.24857595 45.67848453 1)
(0 67.85714286 1)
(11.73833727 67.47886708 1)
(23.41971489 66.34206073 1)
(34.98118789 64.42054567 1)
(46.34665742 61.6725951 1)
(57.41795332 58.03981752 1)
(68.05739163 53.43870103 1)
(0 73.21428571 1)
(11.64056677 72.8990559 1)
(23.23366717 71.95171727 1)
(34.72684705 70.35045473 1)
(46.05669071 68.06049592 1)
(57.14138967 65.03318127 1)
(67.86620731 61.19891752 1)
(0 78.57142857 1)
(11.54279628 78.31924472 1)
(23.04761945 77.56137382 1)
(34.47250622 76.28036378 1)
(45.76672399 74.44839674 1)
(56.86482602 72.02654501 1)
(67.67502299 68.95913402 1)
(0 83.92857143 1)
(11.44502578 83.73943354 1)
(22.86157173 83.17103036 1)
(34.21816538 82.21027284 1)
(45.47675728 80.83629755 1)
(56.58826237 79.01990876 1)
(67.48383867 76.71935051 1)
(0 89.28571429 1)
(11.34725528 89.15962236 1)
(22.67552401 88.78068691 1)
(33.96382454 88.14018189 1)
(45.18679057 87.22419837 1)
(56.31169873 86.01327251 1)
(67.29265435 84.47956701 1)
(0 94.64285714 1)
(11.24948478 94.57981118 1)
(22.48947629 94.39034345 1)
(33.7094837 94.07009095 1)
(44.89682386 93.61209918 1)
(56.03513508 93.00663625 1)
(67.10147003 92.2397835 1)
(0 100 1)
(11.15171429 100 1)
(22.30342857 100 1)
(33.45514286 100 1)
(44.60685714 100 1)
(55.75857143 100 1)
(66.91028571 100 1)
(-78.062 39.06 0)
(-68.24857595 45.67848453 0)
(-57.69451697 51.04645377 0)
(-46.63662413 55.28469429 0)
(-35.23552873 58.49063662 0)
(-23.60576261 60.73240418 0)
(-11.83610777 62.05867825 0)
(-78.062 47.76571429 0)
(-68.05739163 53.43870103 0)
(-57.41795332 58.03981752 0)
(-46.34665742 61.6725951 0)
(-34.98118789 64.42054567 0)
(-23.41971489 66.34206073 0)
(-11.73833727 67.47886708 0)
(-78.062 56.47142857 0)
(-67.86620731 61.19891752 0)
(-57.14138967 65.03318127 0)
(-46.05669071 68.06049592 0)
(-34.72684705 70.35045473 0)
(-23.23366717 71.95171727 0)
(-11.64056677 72.8990559 0)
(-78.062 65.17714286 0)
(-67.67502299 68.95913402 0)
(-56.86482602 72.02654501 0)
(-45.76672399 74.44839674 0)
(-34.47250622 76.28036378 0)
(-23.04761945 77.56137382 0)
(-11.54279628 78.31924472 0)
(-78.062 73.88285714 0)
(-67.48383867 76.71935051 0)
(-56.58826237 79.01990876 0)
(-45.47675728 80.83629755 0)
(-34.21816538 82.21027284 0)
(-22.86157173 83.17103036 0)
(-11.44502578 83.73943354 0)
(-78.062 82.58857143 0)
(-67.29265435 84.47956701 0)
(-56.31169873 86.01327251 0)
(-45.18679057 87.22419837 0)
(-33.96382454 88.14018189 0)
(-22.67552401 88.78068691 0)
(-11.34725528 89.15962236 0)
(-78.062 91.29428571 0)
(-67.10147003 92.2397835 0)
(-56.03513508 93.00663625 0)
(-44.89682386 93.61209918 0)
(-33.7094837 94.07009095 0)
(-22.48947629 94.39034345 0)
(-11.24948478 94.57981118 0)
(-78.062 100 0)
(-66.91028571 100 0)
(-55.75857143 100 0)
(-44.60685714 100 0)
(-33.45514286 100 0)
(-22.30342857 100 0)
(-11.15171429 100 0)
(-78.062 39.06 1)
(-68.24857595 45.67848453 1)
(-57.69451697 51.04645377 1)
(-46.63662413 55.28469429 1)
(-35.23552873 58.49063662 1)
(-23.60576261 60.73240418 1)
(-11.83610777 62.05867825 1)
(-78.062 47.76571429 1)
(-68.05739163 53.43870103 1)
(-57.41795332 58.03981752 1)
(-46.34665742 61.6725951 1)
(-34.98118789 64.42054567 1)
(-23.41971489 66.34206073 1)
(-11.73833727 67.47886708 1)
(-78.062 56.47142857 1)
(-67.86620731 61.19891752 1)
(-57.14138967 65.03318127 1)
(-46.05669071 68.06049592 1)
(-34.72684705 70.35045473 1)
(-23.23366717 71.95171727 1)
(-11.64056677 72.8990559 1)
(-78.062 65.17714286 1)
(-67.67502299 68.95913402 1)
(-56.86482602 72.02654501 1)
(-45.76672399 74.44839674 1)
(-34.47250622 76.28036378 1)
(-23.04761945 77.56137382 1)
(-11.54279628 78.31924472 1)
(-78.062 73.88285714 1)
(-67.48383867 76.71935051 1)
(-56.58826237 79.01990876 1)
(-45.47675728 80.83629755 1)
(-34.21816538 82.21027284 1)
(-22.86157173 83.17103036 1)
(-11.44502578 83.73943354 1)
(-78.062 82.58857143 1)
(-67.29265435 84.47956701 1)
(-56.31169873 86.01327251 1)
(-45.18679057 87.22419837 1)
(-33.96382454 88.14018189 1)
(-22.67552401 88.78068691 1)
(-11.34725528 89.15962236 1)
(-78.062 91.29428571 1)
(-67.10147003 92.2397835 1)
(-56.03513508 93.00663625 1)
(-44.89682386 93.61209918 1)
(-33.7094837 94.07009095 1)
(-22.48947629 94.39034345 1)
(-11.24948478 94.57981118 1)
(-78.062 100 1)
(-66.91028571 100 1)
(-55.75857143 100 1)
(-44.60685714 100 1)
(-33.45514286 100 1)
(-22.30342857 100 1)
(-11.15171429 100 1)
(-200 39.06 0)
(-191.2901429 39.06 0)
(-182.5802857 39.06 0)
(-173.8704286 39.06 0)
(-165.1605714 39.06 0)
(-156.4507143 39.06 0)
(-147.7408571 39.06 0)
(-139.031 39.06 0)
(-130.3211429 39.06 0)
(-121.6112857 39.06 0)
(-112.9014286 39.06 0)
(-104.1915714 39.06 0)
(-95.48171429 39.06 0)
(-86.77185714 39.06 0)
(-200 47.76571429 0)
(-191.2901429 47.76571429 0)
(-182.5802857 47.76571429 0)
(-173.8704286 47.76571429 0)
(-165.1605714 47.76571429 0)
(-156.4507143 47.76571429 0)
(-147.7408571 47.76571429 0)
(-139.031 47.76571429 0)
(-130.3211429 47.76571429 0)
(-121.6112857 47.76571429 0)
(-112.9014286 47.76571429 0)
(-104.1915714 47.76571429 0)
(-95.48171429 47.76571429 0)
(-86.77185714 47.76571429 0)
(-200 56.47142857 0)
(-191.2901429 56.47142857 0)
(-182.5802857 56.47142857 0)
(-173.8704286 56.47142857 0)
(-165.1605714 56.47142857 0)
(-156.4507143 56.47142857 0)
(-147.7408571 56.47142857 0)
(-139.031 56.47142857 0)
(-130.3211429 56.47142857 0)
(-121.6112857 56.47142857 0)
(-112.9014286 56.47142857 0)
(-104.1915714 56.47142857 0)
(-95.48171429 56.47142857 0)
(-86.77185714 56.47142857 0)
(-200 65.17714286 0)
(-191.2901429 65.17714286 0)
(-182.5802857 65.17714286 0)
(-173.8704286 65.17714286 0)
(-165.1605714 65.17714286 0)
(-156.4507143 65.17714286 0)
(-147.7408571 65.17714286 0)
(-139.031 65.17714286 0)
(-130.3211429 65.17714286 0)
(-121.6112857 65.17714286 0)
(-112.9014286 65.17714286 0)
(-104.1915714 65.17714286 0)
(-95.48171429 65.17714286 0)
(-86.77185714 65.17714286 0)
(-200 73.88285714 0)
(-191.2901429 73.88285714 0)
(-182.5802857 73.88285714 0)
(-173.8704286 73.88285714 0)
(-165.1605714 73.88285714 0)
(-156.4507143 73.88285714 0)
(-147.7408571 73.88285714 0)
(-139.031 73.88285714 0)
(-130.3211429 73.88285714 0)
(-121.6112857 73.88285714 0)
(-112.9014286 73.88285714 0)
(-104.1915714 73.88285714 0)
(-95.48171429 73.88285714 0)
(-86.77185714 73.88285714 0)
(-200 82.58857143 0)
(-191.2901429 82.58857143 0)
(-182.5802857 82.58857143 0)
(-173.8704286 82.58857143 0)
(-165.1605714 82.58857143 0)
(-156.4507143 82.58857143 0)
(-147.7408571 82.58857143 0)
(-139.031 82.58857143 0)
(-130.3211429 82.58857143 0)
(-121.6112857 82.58857143 0)
(-112.9014286 82.58857143 0)
(-104.1915714 82.58857143 0)
(-95.48171429 82.58857143 0)
(-86.77185714 82.58857143 0)
(-200 91.29428571 0)
(-191.2901429 91.29428571 0)
(-182.5802857 91.29428571 0)
(-173.8704286 91.29428571 0)
(-165.1605714 91.29428571 0)
(-156.4507143 91.29428571 0)
(-147.7408571 91.29428571 0)
(-139.031 91.29428571 0)
(-130.3211429 91.29428571 0)
(-121.6112857 91.29428571 0)
(-112.9014286 91.29428571 0)
(-104.1915714 91.29428571 0)
(-95.48171429 91.29428571 0)
(-86.77185714 91.29428571 0)
(-200 100 0)
(-191.2901429 100 0)
(-182.5802857 100 0)
(-173.8704286 100 0)
(-165.1605714 100 0)
(-156.4507143 100 0)
(-147.7408571 100 0)
(-139.031 100 0)
(-130.3211429 100 0)
(-121.6112857 100 0)
(-112.9014286 100 0)
(-104.1915714 100 0)
(-95.48171429 100 0)
(-86.77185714 100 0)
(-200 39.06 1)
(-191.2901429 39.06 1)
(-182.5802857 39.06 1)
(-173.8704286 39.06 1)
(-165.1605714 39.06 1)
(-156.4507143 39.06 1)
(-147.7408571 39.06 1)
(-139.031 39.06 1)
(-130.3211429 39.06 1)
(-121.6112857 39.06 1)
(-112.9014286 39.06 1)
(-104.1915714 39.06 1)
(-95.48171429 39.06 1)
(-86.77185714 39.06 1)
(-200 47.76571429 1)
(-191.2901429 47.76571429 1)
(-182.5802857 47.76571429 1)
(-173.8704286 47.76571429 1)
(-165.1605714 47.76571429 1)
(-156.4507143 47.76571429 1)
(-147.7408571 47.76571429 1)
(-139.031 47.76571429 1)
(-130.3211429 47.76571429 1)
(-121.6112857 47.76571429 1)
(-112.9014286 47.76571429 1)
(-104.1915714 47.76571429 1)
(-95.48171429 47.76571429 1)
(-86.77185714 47.76571429 1)
(-200 56.47142857 1)
(-191.2901429 56.47142857 1)
(-182.5802857 56.47142857 1)
(-173.8704286 56.47142857 1)
(-165.1605714 56.47142857 1)
(-156.4507143 56.47142857 1)
(-147.7408571 56.47142857 1)
(-139.031 56.47142857 1)
(-130.3211429 56.47142857 1)
(-121.6112857 56.47142857 1)
(-112.9014286 56.47142857 1)
(-104.1915714 56.47142857 1)
(-95.48171429 56.47142857 1)
(-86.77185714 56.47142857 1)
(-200 65.17714286 1)
(-191.2901429 65.17714286 1)
(-182.5802857 65.17714286 1)
(-173.8704286 65.17714286 1)
(-165.1605714 65.17714286 1)
(-156.4507143 65.17714286 1)
(-147.7408571 65.17714286 1)
(-139.031 65.17714286 1)
(-130.3211429 65.17714286 1)
(-121.6112857 65.17714286 1)
(-112.9014286 65.17714286 1)
(-104.1915714 65.17714286 1)
(-95.48171429 65.17714286 1)
(-86.77185714 65.17714286 1)
(-200 73.88285714 1)
(-191.2901429 73.88285714 1)
(-182.5802857 73.88285714 1)
(-173.8704286 73.88285714 1)
(-165.1605714 73.88285714 1)
(-156.4507143 73.88285714 1)
(-147.7408571 73.88285714 1)
(-139.031 73.88285714 1)
(-130.3211429 73.88285714 1)
(-121.6112857 73.88285714 1)
(-112.9014286 73.88285714 1)
(-104.1915714 73.88285714 1)
(-95.48171429 73.88285714 1)
(-86.77185714 73.88285714 1)
(-200 82.58857143 1)
(-191.2901429 82.58857143 1)
(-182.5802857 82.58857143 1)
(-173.8704286 82.58857143 1)
(-165.1605714 82.58857143 1)
(-156.4507143 82.58857143 1)
(-147.7408571 82.58857143 1)
(-139.031 82.58857143 1)
(-130.3211429 82.58857143 1)
(-121.6112857 82.58857143 1)
(-112.9014286 82.58857143 1)
(-104.1915714 82.58857143 1)
(-95.48171429 82.58857143 1)
(-86.77185714 82.58857143 1)
(-200 91.29428571 1)
(-191.2901429 91.29428571 1)
(-182.5802857 91.29428571 1)
(-173.8704286 91.29428571 1)
(-165.1605714 91.29428571 1)
(-156.4507143 91.29428571 1)
(-147.7408571 91.29428571 1)
(-139.031 91.29428571 1)
(-130.3211429 91.29428571 1)
(-121.6112857 91.29428571 1)
(-112.9014286 91.29428571 1)
(-104.1915714 91.29428571 1)
(-95.48171429 91.29428571 1)
(-86.77185714 91.29428571 1)
(-200 100 1)
(-191.2901429 100 1)
(-182.5802857 100 1)
(-173.8704286 100 1)
(-165.1605714 100 1)
(-156.4507143 100 1)
(-147.7408571 100 1)
(-139.031 100 1)
(-130.3211429 100 1)
(-121.6112857 100 1)
(-112.9014286 100 1)
(-104.1915714 100 1)
(-95.48171429 100 1)
(-86.77185714 100 1)
(-200 0 0)
(-192.8571429 0 0)
(-185.7142857 0 0)
(-178.5714286 0 0)
(-171.4285714 0 0)
(-164.2857143 0 0)
(-157.1428571 0 0)
(-150 0 0)
(-142.8571429 0 0)
(-135.7142857 0 0)
(-128.5714286 0 0)
(-121.4285714 0 0)
(-114.2857143 0 0)
(-107.1428571 0 0)
(-100 0 0)
(-200 5.58 0)
(-192.8160781 5.652862387 0)
(-185.6321563 5.725724774 0)
(-178.4482344 5.798587162 0)
(-171.2643125 5.871449549 0)
(-164.0803906 5.944311936 0)
(-156.8964688 6.017174323 0)
(-149.7125469 6.090036711 0)
(-142.528625 6.162899098 0)
(-135.3447031 6.235761485 0)
(-128.1607813 6.308623872 0)
(-120.9768594 6.38148626 0)
(-113.7929375 6.454348647 0)
(-106.6090156 6.527211034 0)
(-99.42509376 6.600073421 0)
(-200 11.16 0)
(-192.700289 11.292817 0)
(-185.4005781 11.42563399 0)
(-178.1008671 11.55845099 0)
(-170.8011562 11.69126798 0)
(-163.5014452 11.82408498 0)
(-156.2017343 11.95690198 0)
(-148.9020233 12.08971897 0)
(-141.6023124 12.22253597 0)
(-134.3026014 12.35535297 0)
(-127.0028905 12.48816996 0)
(-119.7031795 12.62098696 0)
(-112.4034686 12.75380395 0)
(-105.1037576 12.88662095 0)
(-97.8040467 13.01943795 0)
(-200 16.74 0)
(-192.5148262 16.9094118 0)
(-185.0296524 17.07882359 0)
(-177.5444785 17.24823539 0)
(-170.0593047 17.41764718 0)
(-162.5741309 17.58705898 0)
(-155.0889571 17.75647078 0)
(-147.6037832 17.92588257 0)
(-140.1186094 18.09529437 0)
(-132.6334356 18.26470616 0)
(-125.1482618 18.43411796 0)
(-117.663088 18.60352976 0)
(-110.1779141 18.77294155 0)
(-102.6927403 18.94235335 0)
(-95.20756648 19.11176514 0)
(-200 22.32 0)
(-192.2711595 22.49639598 0)
(-184.5423191 22.67279197 0)
(-176.8134786 22.84918795 0)
(-169.0846381 23.02558393 0)
(-161.3557976 23.20197991 0)
(-153.6269572 23.3783759 0)
(-145.8981167 23.55477188 0)
(-138.1692762 23.73116786 0)
(-130.4404358 23.90756385 0)
(-122.7115953 24.08395983 0)
(-114.9827548 24.26035581 0)
(-107.2539143 24.43675179 0)
(-99.52507387 24.61314778 0)
(-91.7962334 24.78954376 0)
(-200 27.9 0)
(-191.9797944 28.05069429 0)
(-183.9595889 28.20138857 0)
(-175.9393833 28.35208286 0)
(-167.9191778 28.50277714 0)
(-159.8989722 28.65347143 0)
(-151.8787667 28.80416572 0)
(-143.8585611 28.95486 0)
(-135.8383556 29.10555429 0)
(-127.81815 29.25624857 0)
(-119.7979445 29.40694286 0)
(-111.7777389 29.55763714 0)
(-103.7575334 29.70833143 0)
(-95.73732782 29.85902572 0)
(-87.71712226 30.00972 0)
(-200 33.48 0)
(-191.6501665 33.57172499 0)
(-183.300333 33.66344998 0)
(-174.9504996 33.75517498 0)
(-166.6006661 33.84689997 0)
(-158.2508326 33.93862496 0)
(-149.9009991 34.03034995 0)
(-141.5511657 34.12207494 0)
(-133.2013322 34.21379993 0)
(-124.8514987 34.30552493 0)
(-116.5016652 34.39724992 0)
(-108.1518318 34.48897491 0)
(-99.80199828 34.5806999 0)
(-91.4521648 34.67242489 0)
(-83.10233132 34.76414989 0)
(-200 0 1)
(-192.8571429 0 1)
(-185.7142857 0 1)
(-178.5714286 0 1)
(-171.4285714 0 1)
(-164.2857143 0 1)
(-157.1428571 0 1)
(-150 0 1)
(-142.8571429 0 1)
(-135.7142857 0 1)
(-128.5714286 0 1)
(-121.4285714 0 1)
(-114.2857143 0 1)
(-107.1428571 0 1)
(-100 0 1)
(-200 5.58 1)
(-192.8160781 5.652862387 1)
(-185.6321563 5.725724774 1)
(-178.4482344 5.798587162 1)
(-171.2643125 5.871449549 1)
(-164.0803906 5.944311936 1)
(-156.8964688 6.017174323 1)
(-149.7125469 6.090036711 1)
(-142.528625 6.162899098 1)
(-135.3447031 6.235761485 1)
(-128.1607813 6.308623872 1)
(-120.9768594 6.38148626 1)
(-113.7929375 6.454348647 1)
(-106.6090156 6.527211034 1)
(-99.42509376 6.600073421 1)
(-200 11.16 1)
(-192.700289 11.292817 1)
(-185.4005781 11.42563399 1)
(-178.1008671 11.55845099 1)
(-170.8011562 11.69126798 1)
(-163.5014452 11.82408498 1)
(-156.2017343 11.95690198 1)
(-148.9020233 12.08971897 1)
(-141.6023124 12.22253597 1)
(-134.3026014 12.35535297 1)
(-127.0028905 12.48816996 1)
(-119.7031795 12.62098696 1)
(-112.4034686 12.75380395 1)
(-105.1037576 12.88662095 1)
(-97.8040467 13.01943795 1)
(-200 16.74 1)
(-192.5148262 16.9094118 1)
(-185.0296524 17.07882359 1)
(-177.5444785 17.24823539 1)
(-170.0593047 17.41764718 1)
(-162.5741309 17.58705898 1)
(-155.0889571 17.75647078 1)
(-147.6037832 17.92588257 1)
(-140.1186094 18.09529437 1)
(-132.6334356 18.26470616 1)
(-125.1482618 18.43411796 1)
(-117.663088 18.60352976 1)
(-110.1779141 18.77294155 1)
(-102.6927403 18.94235335 1)
(-95.20756648 19.11176514 1)
(-200 22.32 1)
(-192.2711595 22.49639598 1)
(-184.5423191 22.67279197 1)
(-176.8134786 22.84918795 1)
(-169.0846381 23.02558393 1)
(-161.3557976 23.20197991 1)
(-153.6269572 23.3783759 1)
(-145.8981167 23.55477188 1)
(-138.1692762 23.73116786 1)
(-130.4404358 23.90756385 1)
(-122.7115953 24.08395983 1)
(-114.9827548 24.26035581 1)
(-107.2539143 24.43675179 1)
(-99.52507387 24.61314778 1)
(-91.7962334 24.78954376 1)
(-200 27.9 1)
(-191.9797944 28.05069429 1)
(-183.9595889 28.20138857 1)
(-175.9393833 28.35208286 1)
(-167.9191778 28.50277714 1)
(-159.8989722 28.65347143 1)
(-151.8787667 28.80416572 1)
(-143.8585611 28.95486 1)
(-135.8383556 29.10555429 1)
(-127.81815 29.25624857 1)
(-119.7979445 29.40694286 1)
(-111.7777389 29.55763714 1)
(-103.7575334 29.70833143 1)
(-95.73732782 29.85902572 1)
(-87.71712226 30.00972 1)
(-200 33.48 1)
(-191.6501665 33.57172499 1)
(-183.300333 33.66344998 1)
(-174.9504996 33.75517498 1)
(-166.6006661 33.84689997 1)
(-158.2508326 33.93862496 1)
(-149.9009991 34.03034995 1)
(-141.5511657 34.12207494 1)
(-133.2013322 34.21379993 1)
(-124.8514987 34.30552493 1)
(-116.5016652 34.39724992 1)
(-108.1518318 34.48897491 1)
(-99.80199828 34.5806999 1)
(-91.4521648 34.67242489 1)
(-83.10233132 34.76414989 1)
(-200 -33.48 0)
(-191.6501665 -33.57172499 0)
(-183.300333 -33.66344998 0)
(-174.9504996 -33.75517498 0)
(-166.6006661 -33.84689997 0)
(-158.2508326 -33.93862496 0)
(-149.9009991 -34.03034995 0)
(-141.5511657 -34.12207494 0)
(-133.2013322 -34.21379993 0)
(-124.8514987 -34.30552493 0)
(-116.5016652 -34.39724992 0)
(-108.1518318 -34.48897491 0)
(-99.80199828 -34.5806999 0)
(-91.4521648 -34.67242489 0)
(-83.10233132 -34.76414989 0)
(-200 -27.9 0)
(-191.9797944 -28.05069429 0)
(-183.9595889 -28.20138857 0)
(-175.9393833 -28.35208286 0)
(-167.9191778 -28.50277714 0)
(-159.8989722 -28.65347143 0)
(-151.8787667 -28.80416572 0)
(-143.8585611 -28.95486 0)
(-135.8383556 -29.10555429 0)
(-127.81815 -29.25624857 0)
(-119.7979445 -29.40694286 0)
(-111.7777389 -29.55763714 0)
(-103.7575334 -29.70833143 0)
(-95.73732782 -29.85902572 0)
(-87.71712226 -30.00972 0)
(-200 -22.32 0)
(-192.2711595 -22.49639598 0)
(-184.5423191 -22.67279197 0)
(-176.8134786 -22.84918795 0)
(-169.0846381 -23.02558393 0)
(-161.3557976 -23.20197991 0)
(-153.6269572 -23.3783759 0)
(-145.8981167 -23.55477188 0)
(-138.1692762 -23.73116786 0)
(-130.4404358 -23.90756385 0)
(-122.7115953 -24.08395983 0)
(-114.9827548 -24.26035581 0)
(-107.2539143 -24.43675179 0)
(-99.52507387 -24.61314778 0)
(-91.7962334 -24.78954376 0)
(-200 -16.74 0)
(-192.5148262 -16.9094118 0)
(-185.0296524 -17.07882359 0)
(-177.5444785 -17.24823539 0)
(-170.0593047 -17.41764718 0)
(-162.5741309 -17.58705898 0)
(-155.0889571 -17.75647078 0)
(-147.6037832 -17.92588257 0)
(-140.1186094 -18.09529437 0)
(-132.6334356 -18.26470616 0)
(-125.1482618 -18.43411796 0)
(-117.663088 -18.60352976 0)
(-110.1779141 -18.77294155 0)
(-102.6927403 -18.94235335 0)
(-95.20756648 -19.11176514 0)
(-200 -11.16 0)
(-192.700289 -11.292817 0)
(-185.4005781 -11.42563399 0)
(-178.1008671 -11.55845099 0)
(-170.8011562 -11.69126798 0)
(-163.5014452 -11.82408498 0)
(-156.2017343 -11.95690198 0)
(-148.9020233 -12.08971897 0)
(-141.6023124 -12.22253597 0)
(-134.3026014 -12.35535297 0)
(-127.0028905 -12.48816996 0)
(-119.7031795 -12.62098696 0)
(-112.4034686 -12.75380395 0)
(-105.1037576 -12.88662095 0)
(-97.8040467 -13.01943795 0)
(-200 -5.58 0)
(-192.8160781 -5.652862387 0)
(-185.6321563 -5.725724774 0)
(-178.4482344 -5.798587162 0)
(-171.2643125 -5.871449549 0)
(-164.0803906 -5.944311936 0)
(-156.8964688 -6.017174323 0)
(-149.7125469 -6.090036711 0)
(-142.528625 -6.162899098 0)
(-135.3447031 -6.235761485 0)
(-128.1607813 -6.308623872 0)
(-120.9768594 -6.38148626 0)
(-113.7929375 -6.454348647 0)
(-106.6090156 -6.527211034 0)
(-99.42509376 -6.600073421 0)
(-200 -33.48 1)
(-191.6501665 -33.57172499 1)
(-183.300333 -33.66344998 1)
(-174.9504996 -33.75517498 1)
(-166.6006661 -33.84689997 1)
(-158.2508326 -33.93862496 1)
(-149.9009991 -34.03034995 1)
(-141.5511657 -34.12207494 1)
(-133.2013322 -34.21379993 1)
(-124.8514987 -34.30552493 1)
(-116.5016652 -34.39724992 1)
(-108.1518318 -34.48897491 1)
(-99.80199828 -34.5806999 1)
(-91.4521648 -34.67242489 1)
(-83.10233132 -34.76414989 1)
(-200 -27.9 1)
(-191.9797944 -28.05069429 1)
(-183.9595889 -28.20138857 1)
(-175.9393833 -28.35208286 1)
(-167.9191778 -28.50277714 1)
(-159.8989722 -28.65347143 1)
(-151.8787667 -28.80416572 1)
(-143.8585611 -28.95486 1)
(-135.8383556 -29.10555429 1)
(-127.81815 -29.25624857 1)
(-119.7979445 -29.40694286 1)
(-111.7777389 -29.55763714 1)
(-103.7575334 -29.70833143 1)
(-95.73732782 -29.85902572 1)
(-87.71712226 -30.00972 1)
(-200 -22.32 1)
(-192.2711595 -22.49639598 1)
(-184.5423191 -22.67279197 1)
(-176.8134786 -22.84918795 1)
(-169.0846381 -23.02558393 1)
(-161.3557976 -23.20197991 1)
(-153.6269572 -23.3783759 1)
(-145.8981167 -23.55477188 1)
(-138.1692762 -23.73116786 1)
(-130.4404358 -23.90756385 1)
(-122.7115953 -24.08395983 1)
(-114.9827548 -24.26035581 1)
(-107.2539143 -24.43675179 1)
(-99.52507387 -24.61314778 1)
(-91.7962334 -24.78954376 1)
(-200 -16.74 1)
(-192.5148262 -16.9094118 1)
(-185.0296524 -17.07882359 1)
(-177.5444785 -17.24823539 1)
(-170.0593047 -17.41764718 1)
(-162.5741309 -17.58705898 1)
(-155.0889571 -17.75647078 1)
(-147.6037832 -17.92588257 1)
(-140.1186094 -18.09529437 1)
(-132.6334356 -18.26470616 1)
(-125.1482618 -18.43411796 1)
(-117.663088 -18.60352976 1)
(-110.1779141 -18.77294155 1)
(-102.6927403 -18.94235335 1)
(-95.20756648 -19.11176514 1)
(-200 -11.16 1)
(-192.700289 -11.292817 1)
(-185.4005781 -11.42563399 1)
(-178.1008671 -11.55845099 1)
(-170.8011562 -11.69126798 1)
(-163.5014452 -11.82408498 1)
(-156.2017343 -11.95690198 1)
(-148.9020233 -12.08971897 1)
(-141.6023124 -12.22253597 1)
(-134.3026014 -12.35535297 1)
(-127.0028905 -12.48816996 1)
(-119.7031795 -12.62098696 1)
(-112.4034686 -12.75380395 1)
(-105.1037576 -12.88662095 1)
(-97.8040467 -13.01943795 1)
(-200 -5.58 1)
(-192.8160781 -5.652862387 1)
(-185.6321563 -5.725724774 1)
(-178.4482344 -5.798587162 1)
(-171.2643125 -5.871449549 1)
(-164.0803906 -5.944311936 1)
(-156.8964688 -6.017174323 1)
(-149.7125469 -6.090036711 1)
(-142.528625 -6.162899098 1)
(-135.3447031 -6.235761485 1)
(-128.1607813 -6.308623872 1)
(-120.9768594 -6.38148626 1)
(-113.7929375 -6.454348647 1)
(-106.6090156 -6.527211034 1)
(-99.42509376 -6.600073421 1)
(-97.14285714 0 0)
(-96.58438423 -6.411459434 0)
(-95.00967084 -12.64737577 0)
(-92.48740624 -18.56560471 0)
(-89.17357779 -24.08113596 0)
(-85.2110544 -29.15214479 0)
(-80.72815905 -33.77071962 0)
(-75.83171429 -37.94428571 0)
(-94.28571429 0 0)
(-93.74367469 -6.222845446 0)
(-92.21529497 -12.2753136 0)
(-89.767246 -18.01944427 0)
(-86.55092219 -23.37272817 0)
(-82.70498654 -28.29456958 0)
(-78.35398677 -32.77728936 0)
(-73.60142857 -36.82857143 0)
(-91.42857143 0 0)
(-90.90296516 -6.034231459 0)
(-89.42091911 -11.90325142 0)
(-87.04708576 -17.47328383 0)
(-83.92826658 -22.66432037 0)
(-80.19891867 -27.43699437 0)
(-75.9798145 -31.78385909 0)
(-71.37114286 -35.71285714 0)
(-88.57142857 0 0)
(-88.06225563 -5.845617471 0)
(-86.62654325 -11.53118925 0)
(-84.32692552 -16.92712339 0)
(-81.30561097 -21.95591257 0)
(-77.69285081 -26.57941916 0)
(-73.60564222 -30.79042883 0)
(-69.14085714 -34.59714286 0)
(-85.71428571 0 0)
(-85.22154609 -5.657003484 0)
(-83.83216739 -11.15912707 0)
(-81.60676528 -16.38096295 0)
(-78.68295536 -21.24750478 0)
(-75.18678295 -25.72184395 0)
(-71.23146995 -29.79699856 0)
(-66.91057143 -33.48142857 0)
(-82.85714286 0 0)
(-82.38083656 -5.468389496 0)
(-81.03779153 -10.7870649 0)
(-78.88660504 -15.83480251 0)
(-76.06029976 -20.53909698 0)
(-72.68071508 -24.86426875 0)
(-68.85729767 -28.8035683 0)
(-64.68028571 -32.36571429 0)
(-80 0 0)
(-79.54012703 -5.279775509 0)
(-78.24341567 -10.41500272 0)
(-76.1664448 -15.28864208 0)
(-73.43764415 -19.83068919 0)
(-70.17464722 -24.00669354 0)
(-66.48312539 -27.81013803 0)
(-62.45 -31.25 0)
(-97.14285714 0 1)
(-96.58438423 -6.411459434 1)
(-95.00967084 -12.64737577 1)
(-92.48740624 -18.56560471 1)
(-89.17357779 -24.08113596 1)
(-85.2110544 -29.15214479 1)
(-80.72815905 -33.77071962 1)
(-75.83171429 -37.94428571 1)
(-94.28571429 0 1)
(-93.74367469 -6.222845446 1)
(-92.21529497 -12.2753136 1)
(-89.767246 -18.01944427 1)
(-86.55092219 -23.37272817 1)
(-82.70498654 -28.29456958 1)
(-78.35398677 -32.77728936 1)
(-73.60142857 -36.82857143 1)
(-91.42857143 0 1)
(-90.90296516 -6.034231459 1)
(-89.42091911 -11.90325142 1)
(-87.04708576 -17.47328383 1)
(-83.92826658 -22.66432037 1)
(-80.19891867 -27.43699437 1)
(-75.9798145 -31.78385909 1)
(-71.37114286 -35.71285714 1)
(-88.57142857 0 1)
(-88.06225563 -5.845617471 1)
(-86.62654325 -11.53118925 1)
(-84.32692552 -16.92712339 1)
(-81.30561097 -21.95591257 1)
(-77.69285081 -26.57941916 1)
(-73.60564222 -30.79042883 1)
(-69.14085714 -34.59714286 1)
(-85.71428571 0 1)
(-85.22154609 -5.657003484 1)
(-83.83216739 -11.15912707 1)
(-81.60676528 -16.38096295 1)
(-78.68295536 -21.24750478 1)
(-75.18678295 -25.72184395 1)
(-71.23146995 -29.79699856 1)
(-66.91057143 -33.48142857 1)
(-82.85714286 0 1)
(-82.38083656 -5.468389496 1)
(-81.03779153 -10.7870649 1)
(-78.88660504 -15.83480251 1)
(-76.06029976 -20.53909698 1)
(-72.68071508 -24.86426875 1)
(-68.85729767 -28.8035683 1)
(-64.68028571 -32.36571429 1)
(-80 0 1)
(-79.54012703 -5.279775509 1)
(-78.24341567 -10.41500272 1)
(-76.1664448 -15.28864208 1)
(-73.43764415 -19.83068919 1)
(-70.17464722 -24.00669354 1)
(-66.48312539 -27.81013803 1)
(-62.45 -31.25 1)
(-66.29840267 -44.37350802 0)
(-56.0459144 -49.58806757 0)
(-45.30399302 -53.70518355 0)
(-34.22867933 -56.81950437 0)
(-22.93123086 -58.99720471 0)
(-11.49789224 -60.28557625 0)
(0 -60.71428571 0)
(-64.34822939 -43.06853152 0)
(-54.39731183 -48.12968136 0)
(-43.97136192 -52.12567282 0)
(-33.22182994 -55.14837213 0)
(-22.25669912 -57.26200524 0)
(-11.15967671 -58.51247424 0)
(0 -58.92857143 0)
(-62.39805611 -41.76355501 0)
(-52.74870925 -46.67129515 0)
(-42.63873081 -50.54616208 0)
(-32.21498054 -53.47723988 0)
(-21.58216737 -55.52680577 0)
(-10.82146118 -56.73937223 0)
(0 -57.14285714 0)
(-60.44788283 -40.4585785 0)
(-51.10010668 -45.21290894 0)
(-41.3060997 -48.96665135 0)
(-31.20813114 -51.80610763 0)
(-20.90763563 -53.7916063 0)
(-10.48324565 -54.96627023 0)
(0 -55.35714286 0)
(-58.49770954 -39.15360199 0)
(-49.45150411 -43.75452273 0)
(-39.97346859 -47.38714061 0)
(-30.20128174 -50.13497539 0)
(-20.23310388 -52.05640683 0)
(-10.14503012 -53.19316822 0)
(0 -53.57142857 0)
(-56.54753626 -37.84862549 0)
(-47.80290154 -42.29613652 0)
(-38.64083748 -45.80762988 0)
(-29.19443234 -48.46384314 0)
(-19.55857214 -50.32120736 0)
(-9.806814591 -51.42006621 0)
(0 -51.78571429 0)
(-54.59736298 -36.54364898 0)
(-46.15429897 -40.83775032 0)
(-37.30820637 -44.22811914 0)
(-28.18758294 -46.7927109 0)
(-18.88404039 -48.58600788 0)
(-9.468599061 -49.6469642 0)
(0 -50 0)
(-66.29840267 -44.37350802 1)
(-56.0459144 -49.58806757 1)
(-45.30399302 -53.70518355 1)
(-34.22867933 -56.81950437 1)
(-22.93123086 -58.99720471 1)
(-11.49789224 -60.28557625 1)
(0 -60.71428571 1)
(-64.34822939 -43.06853152 1)
(-54.39731183 -48.12968136 1)
(-43.97136192 -52.12567282 1)
(-33.22182994 -55.14837213 1)
(-22.25669912 -57.26200524 1)
(-11.15967671 -58.51247424 1)
(0 -58.92857143 1)
(-62.39805611 -41.76355501 1)
(-52.74870925 -46.67129515 1)
(-42.63873081 -50.54616208 1)
(-32.21498054 -53.47723988 1)
(-21.58216737 -55.52680577 1)
(-10.82146118 -56.73937223 1)
(0 -57.14285714 1)
(-60.44788283 -40.4585785 1)
(-51.10010668 -45.21290894 1)
(-41.3060997 -48.96665135 1)
(-31.20813114 -51.80610763 1)
(-20.90763563 -53.7916063 1)
(-10.48324565 -54.96627023 1)
(0 -55.35714286 1)
(-58.49770954 -39.15360199 1)
(-49.45150411 -43.75452273 1)
(-39.97346859 -47.38714061 1)
(-30.20128174 -50.13497539 1)
(-20.23310388 -52.05640683 1)
(-10.14503012 -53.19316822 1)
(0 -53.57142857 1)
(-56.54753626 -37.84862549 1)
(-47.80290154 -42.29613652 1)
(-38.64083748 -45.80762988 1)
(-29.19443234 -48.46384314 1)
(-19.55857214 -50.32120736 1)
(-9.806814591 -51.42006621 1)
(0 -51.78571429 1)
(-54.59736298 -36.54364898 1)
(-46.15429897 -40.83775032 1)
(-37.30820637 -44.22811914 1)
(-28.18758294 -46.7927109 1)
(-18.88404039 -48.58600788 1)
(-9.468599061 -49.6469642 1)
(0 -50 1)
(11.49789224 -60.28557625 0)
(22.93123086 -58.99720471 0)
(34.22867933 -56.81950437 0)
(45.30399302 -53.70518355 0)
(56.0459144 -49.58806757 0)
(66.29840267 -44.37350802 0)
(75.83171429 -37.94428571 0)
(11.15967671 -58.51247424 0)
(22.25669912 -57.26200524 0)
(33.22182994 -55.14837213 0)
(43.97136192 -52.12567282 0)
(54.39731183 -48.12968136 0)
(64.34822939 -43.06853152 0)
(73.60142857 -36.82857143 0)
(10.82146118 -56.73937223 0)
(21.58216737 -55.52680577 0)
(32.21498054 -53.47723988 0)
(42.63873081 -50.54616208 0)
(52.74870925 -46.67129515 0)
(62.39805611 -41.76355501 0)
(71.37114286 -35.71285714 0)
(10.48324565 -54.96627023 0)
(20.90763563 -53.7916063 0)
(31.20813114 -51.80610763 0)
(41.3060997 -48.96665135 0)
(51.10010668 -45.21290894 0)
(60.44788283 -40.4585785 0)
(69.14085714 -34.59714286 0)
(10.14503012 -53.19316822 0)
(20.23310388 -52.05640683 0)
(30.20128174 -50.13497539 0)
(39.97346859 -47.38714061 0)
(49.45150411 -43.75452273 0)
(58.49770954 -39.15360199 0)
(66.91057143 -33.48142857 0)
(9.806814591 -51.42006621 0)
(19.55857214 -50.32120736 0)
(29.19443234 -48.46384314 0)
(38.64083748 -45.80762988 0)
(47.80290154 -42.29613652 0)
(56.54753626 -37.84862549 0)
(64.68028571 -32.36571429 0)
(9.468599061 -49.6469642 0)
(18.88404039 -48.58600788 0)
(28.18758294 -46.7927109 0)
(37.30820637 -44.22811914 0)
(46.15429897 -40.83775032 0)
(54.59736298 -36.54364898 0)
(62.45 -31.25 0)
(11.49789224 -60.28557625 1)
(22.93123086 -58.99720471 1)
(34.22867933 -56.81950437 1)
(45.30399302 -53.70518355 1)
(56.0459144 -49.58806757 1)
(66.29840267 -44.37350802 1)
(75.83171429 -37.94428571 1)
(11.15967671 -58.51247424 1)
(22.25669912 -57.26200524 1)
(33.22182994 -55.14837213 1)
(43.97136192 -52.12567282 1)
(54.39731183 -48.12968136 1)
(64.34822939 -43.06853152 1)
(73.60142857 -36.82857143 1)
(10.82146118 -56.73937223 1)
(21.58216737 -55.52680577 1)
(32.21498054 -53.47723988 1)
(42.63873081 -50.54616208 1)
(52.74870925 -46.67129515 1)
(62.39805611 -41.76355501 1)
(71.37114286 -35.71285714 1)
(10.48324565 -54.96627023 1)
(20.90763563 -53.7916063 1)
(31.20813114 -51.80610763 1)
(41.3060997 -48.96665135 1)
(51.10010668 -45.21290894 1)
(60.44788283 -40.4585785 1)
(69.14085714 -34.59714286 1)
(10.14503012 -53.19316822 1)
(20.23310388 -52.05640683 1)
(30.20128174 -50.13497539 1)
(39.97346859 -47.38714061 1)
(49.45150411 -43.75452273 1)
(58.49770954 -39.15360199 1)
(66.91057143 -33.48142857 1)
(9.806814591 -51.42006621 1)
(19.55857214 -50.32120736 1)
(29.19443234 -48.46384314 1)
(38.64083748 -45.80762988 1)
(47.80290154 -42.29613652 1)
(56.54753626 -37.84862549 1)
(64.68028571 -32.36571429 1)
(9.468599061 -49.6469642 1)
(18.88404039 -48.58600788 1)
(28.18758294 -46.7927109 1)
(37.30820637 -44.22811914 1)
(46.15429897 -40.83775032 1)
(54.59736298 -36.54364898 1)
(62.45 -31.25 1)
(80.72815905 -33.77071962 0)
(85.2110544 -29.15214479 0)
(89.17357779 -24.08113596 0)
(92.48740624 -18.56560471 0)
(95.00967084 -12.64737577 0)
(96.58438423 -6.411459434 0)
(97.14285714 0 0)
(78.35398677 -32.77728936 0)
(82.70498654 -28.29456958 0)
(86.55092219 -23.37272817 0)
(89.767246 -18.01944427 0)
(92.21529497 -12.2753136 0)
(93.74367469 -6.222845446 0)
(94.28571429 0 0)
(75.9798145 -31.78385909 0)
(80.19891867 -27.43699437 0)
(83.92826658 -22.66432037 0)
(87.04708576 -17.47328383 0)
(89.42091911 -11.90325142 0)
(90.90296516 -6.034231459 0)
(91.42857143 0 0)
(73.60564222 -30.79042883 0)
(77.69285081 -26.57941916 0)
(81.30561097 -21.95591257 0)
(84.32692552 -16.92712339 0)
(86.62654325 -11.53118925 0)
(88.06225563 -5.845617471 0)
(88.57142857 0 0)
(71.23146995 -29.79699856 0)
(75.18678295 -25.72184395 0)
(78.68295536 -21.24750478 0)
(81.60676528 -16.38096295 0)
(83.83216739 -11.15912707 0)
(85.22154609 -5.657003484 0)
(85.71428571 0 0)
(68.85729767 -28.8035683 0)
(72.68071508 -24.86426875 0)
(76.06029976 -20.53909698 0)
(78.88660504 -15.83480251 0)
(81.03779153 -10.7870649 0)
(82.38083656 -5.468389496 0)
(82.85714286 0 0)
(66.48312539 -27.81013803 0)
(70.17464722 -24.00669354 0)
(73.43764415 -19.83068919 0)
(76.1664448 -15.28864208 0)
(78.24341567 -10.41500272 0)
(79.54012703 -5.279775509 0)
(80 0 0)
(80.72815905 -33.77071962 1)
(85.2110544 -29.15214479 1)
(89.17357779 -24.08113596 1)
(92.48740624 -18.56560471 1)
(95.00967084 -12.64737577 1)
(96.58438423 -6.411459434 1)
(97.14285714 0 1)
(78.35398677 -32.77728936 1)
(82.70498654 -28.29456958 1)
(86.55092219 -23.37272817 1)
(89.767246 -18.01944427 1)
(92.21529497 -12.2753136 1)
(93.74367469 -6.222845446 1)
(94.28571429 0 1)
(75.9798145 -31.78385909 1)
(80.19891867 -27.43699437 1)
(83.92826658 -22.66432037 1)
(87.04708576 -17.47328383 1)
(89.42091911 -11.90325142 1)
(90.90296516 -6.034231459 1)
(91.42857143 0 1)
(73.60564222 -30.79042883 1)
(77.69285081 -26.57941916 1)
(81.30561097 -21.95591257 1)
(84.32692552 -16.92712339 1)
(86.62654325 -11.53118925 1)
(88.06225563 -5.845617471 1)
(88.57142857 0 1)
(71.23146995 -29.79699856 1)
(75.18678295 -25.72184395 1)
(78.68295536 -21.24750478 1)
(81.60676528 -16.38096295 1)
(83.83216739 -11.15912707 1)
(85.22154609 -5.657003484 1)
(85.71428571 0 1)
(68.85729767 -28.8035683 1)
(72.68071508 -24.86426875 1)
(76.06029976 -20.53909698 1)
(78.88660504 -15.83480251 1)
(81.03779153 -10.7870649 1)
(82.38083656 -5.468389496 1)
(82.85714286 0 1)
(66.48312539 -27.81013803 1)
(70.17464722 -24.00669354 1)
(73.43764415 -19.83068919 1)
(76.1664448 -15.28864208 1)
(78.24341567 -10.41500272 1)
(79.54012703 -5.279775509 1)
(80 0 1)
(79.54012703 5.279775509 0)
(82.38083656 5.468389496 0)
(85.22154609 5.657003484 0)
(88.06225563 5.845617471 0)
(90.90296516 6.034231459 0)
(93.74367469 6.222845446 0)
(96.58438423 6.411459434 0)
(78.24341567 10.41500272 0)
(81.03779153 10.7870649 0)
(83.83216739 11.15912707 0)
(86.62654325 11.53118925 0)
(89.42091911 11.90325142 0)
(92.21529497 12.2753136 0)
(95.00967084 12.64737577 0)
(76.1664448 15.28864208 0)
(78.88660504 15.83480251 0)
(81.60676528 16.38096295 0)
(84.32692552 16.92712339 0)
(87.04708576 17.47328383 0)
(89.767246 18.01944427 0)
(92.48740624 18.56560471 0)
(73.43764415 19.83068919 0)
(76.06029976 20.53909698 0)
(78.68295536 21.24750478 0)
(81.30561097 21.95591257 0)
(83.92826658 22.66432037 0)
(86.55092219 23.37272817 0)
(89.17357779 24.08113596 0)
(70.17464722 24.00669354 0)
(72.68071508 24.86426875 0)
(75.18678295 25.72184395 0)
(77.69285081 26.57941916 0)
(80.19891867 27.43699437 0)
(82.70498654 28.29456958 0)
(85.2110544 29.15214479 0)
(66.48312539 27.81013803 0)
(68.85729767 28.8035683 0)
(71.23146995 29.79699856 0)
(73.60564222 30.79042883 0)
(75.9798145 31.78385909 0)
(78.35398677 32.77728936 0)
(80.72815905 33.77071962 0)
(62.45 31.25 0)
(64.68028571 32.36571429 0)
(66.91057143 33.48142857 0)
(69.14085714 34.59714286 0)
(71.37114286 35.71285714 0)
(73.60142857 36.82857143 0)
(75.83171429 37.94428571 0)
(79.54012703 5.279775509 1)
(82.38083656 5.468389496 1)
(85.22154609 5.657003484 1)
(88.06225563 5.845617471 1)
(90.90296516 6.034231459 1)
(93.74367469 6.222845446 1)
(96.58438423 6.411459434 1)
(78.24341567 10.41500272 1)
(81.03779153 10.7870649 1)
(83.83216739 11.15912707 1)
(86.62654325 11.53118925 1)
(89.42091911 11.90325142 1)
(92.21529497 12.2753136 1)
(95.00967084 12.64737577 1)
(76.1664448 15.28864208 1)
(78.88660504 15.83480251 1)
(81.60676528 16.38096295 1)
(84.32692552 16.92712339 1)
(87.04708576 17.47328383 1)
(89.767246 18.01944427 1)
(92.48740624 18.56560471 1)
(73.43764415 19.83068919 1)
(76.06029976 20.53909698 1)
(78.68295536 21.24750478 1)
(81.30561097 21.95591257 1)
(83.92826658 22.66432037 1)
(86.55092219 23.37272817 1)
(89.17357779 24.08113596 1)
(70.17464722 24.00669354 1)
(72.68071508 24.86426875 1)
(75.18678295 25.72184395 1)
(77.69285081 26.57941916 1)
(80.19891867 27.43699437 1)
(82.70498654 28.29456958 1)
(85.2110544 29.15214479 1)
(66.48312539 27.81013803 1)
(68.85729767 28.8035683 1)
(71.23146995 29.79699856 1)
(73.60564222 30.79042883 1)
(75.9798145 31.78385909 1)
(78.35398677 32.77728936 1)
(80.72815905 33.77071962 1)
(62.45 31.25 1)
(64.68028571 32.36571429 1)
(66.91057143 33.48142857 1)
(69.14085714 34.59714286 1)
(71.37114286 35.71285714 1)
(73.60142857 36.82857143 1)
(75.83171429 37.94428571 1)
(0 50 0)
(9.468599061 49.6469642 0)
(18.88404039 48.58600788 0)
(28.18758294 46.7927109 0)
(37.30820637 44.22811914 0)
(46.15429897 40.83775032 0)
(54.59736298 36.54364898 0)
(0 51.78571429 0)
(9.806814591 51.42006621 0)
(19.55857214 50.32120736 0)
(29.19443234 48.46384314 0)
(38.64083748 45.80762988 0)
(47.80290154 42.29613652 0)
(56.54753626 37.84862549 0)
(0 53.57142857 0)
(10.14503012 53.19316822 0)
(20.23310388 52.05640683 0)
(30.20128174 50.13497539 0)
(39.97346859 47.38714061 0)
(49.45150411 43.75452273 0)
(58.49770954 39.15360199 0)
(0 55.35714286 0)
(10.48324565 54.96627023 0)
(20.90763563 53.7916063 0)
(31.20813114 51.80610763 0)
(41.3060997 48.96665135 0)
(51.10010668 45.21290894 0)
(60.44788283 40.4585785 0)
(0 57.14285714 0)
(10.82146118 56.73937223 0)
(21.58216737 55.52680577 0)
(32.21498054 53.47723988 0)
(42.63873081 50.54616208 0)
(52.74870925 46.67129515 0)
(62.39805611 41.76355501 0)
(0 58.92857143 0)
(11.15967671 58.51247424 0)
(22.25669912 57.26200524 0)
(33.22182994 55.14837213 0)
(43.97136192 52.12567282 0)
(54.39731183 48.12968136 0)
(64.34822939 43.06853152 0)
(0 60.71428571 0)
(11.49789224 60.28557625 0)
(22.93123086 58.99720471 0)
(34.22867933 56.81950437 0)
(45.30399302 53.70518355 0)
(56.0459144 49.58806757 0)
(66.29840267 44.37350802 0)
(0 50 1)
(9.468599061 49.6469642 1)
(18.88404039 48.58600788 1)
(28.18758294 46.7927109 1)
(37.30820637 44.22811914 1)
(46.15429897 40.83775032 1)
(54.59736298 36.54364898 1)
(0 51.78571429 1)
(9.806814591 51.42006621 1)
(19.55857214 50.32120736 1)
(29.19443234 48.46384314 1)
(38.64083748 45.80762988 1)
(47.80290154 42.29613652 1)
(56.54753626 37.84862549 1)
(0 53.57142857 1)
(10.14503012 53.19316822 1)
(20.23310388 52.05640683 1)
(30.20128174 50.13497539 1)
(39.97346859 47.38714061 1)
(49.45150411 43.75452273 1)
(58.49770954 39.15360199 1)
(0 55.35714286 1)
(10.48324565 54.96627023 1)
(20.90763563 53.7916063 1)
(31.20813114 51.80610763 1)
(41.3060997 48.96665135 1)
(51.10010668 45.21290894 1)
(60.44788283 40.4585785 1)
(0 57.14285714 1)
(10.82146118 56.73937223 1)
(21.58216737 55.52680577 1)
(32.21498054 53.47723988 1)
(42.63873081 50.54616208 1)
(52.74870925 46.67129515 1)
(62.39805611 41.76355501 1)
(0 58.92857143 1)
(11.15967671 58.51247424 1)
(22.25669912 57.26200524 1)
(33.22182994 55.14837213 1)
(43.97136192 52.12567282 1)
(54.39731183 48.12968136 1)
(64.34822939 43.06853152 1)
(0 60.71428571 1)
(11.49789224 60.28557625 1)
(22.93123086 58.99720471 1)
(34.22867933 56.81950437 1)
(45.30399302 53.70518355 1)
(56.0459144 49.58806757 1)
(66.29840267 44.37350802 1)
(-62.45 31.25 0)
(-54.59736298 36.54364898 0)
(-46.15429897 40.83775032 0)
(-37.30820637 44.22811914 0)
(-28.18758294 46.7927109 0)
(-18.88404039 48.58600788 0)
(-9.468599061 49.6469642 0)
(-64.68028571 32.36571429 0)
(-56.54753626 37.84862549 0)
(-47.80290154 42.29613652 0)
(-38.64083748 45.80762988 0)
(-29.19443234 48.46384314 0)
(-19.55857214 50.32120736 0)
(-9.806814591 51.42006621 0)
(-66.91057143 33.48142857 0)
(-58.49770954 39.15360199 0)
(-49.45150411 43.75452273 0)
(-39.97346859 47.38714061 0)
(-30.20128174 50.13497539 0)
(-20.23310388 52.05640683 0)
(-10.14503012 53.19316822 0)
(-69.14085714 34.59714286 0)
(-60.44788283 40.4585785 0)
(-51.10010668 45.21290894 0)
(-41.3060997 48.96665135 0)
(-31.20813114 51.80610763 0)
(-20.90763563 53.7916063 0)
(-10.48324565 54.96627023 0)
(-71.37114286 35.71285714 0)
(-62.39805611 41.76355501 0)
(-52.74870925 46.67129515 0)
(-42.63873081 50.54616208 0)
(-32.21498054 53.47723988 0)
(-21.58216737 55.52680577 0)
(-10.82146118 56.73937223 0)
(-73.60142857 36.82857143 0)
(-64.34822939 43.06853152 0)
(-54.39731183 48.12968136 0)
(-43.97136192 52.12567282 0)
(-33.22182994 55.14837213 0)
(-22.25669912 57.26200524 0)
(-11.15967671 58.51247424 0)
(-75.83171429 37.94428571 0)
(-66.29840267 44.37350802 0)
(-56.0459144 49.58806757 0)
(-45.30399302 53.70518355 0)
(-34.22867933 56.81950437 0)
(-22.93123086 58.99720471 0)
(-11.49789224 60.28557625 0)
(-62.45 31.25 1)
(-54.59736298 36.54364898 1)
(-46.15429897 40.83775032 1)
(-37.30820637 44.22811914 1)
(-28.18758294 46.7927109 1)
(-18.88404039 48.58600788 1)
(-9.468599061 49.6469642 1)
(-64.68028571 32.36571429 1)
(-56.54753626 37.84862549 1)
(-47.80290154 42.29613652 1)
(-38.64083748 45.80762988 1)
(-29.19443234 48.46384314 1)
(-19.55857214 50.32120736 1)
(-9.806814591 51.42006621 1)
(-66.91057143 33.48142857 1)
(-58.49770954 39.15360199 1)
(-49.45150411 43.75452273 1)
(-39.97346859 47.38714061 1)
(-30.20128174 50.13497539 1)
(-20.23310388 52.05640683 1)
(-10.14503012 53.19316822 1)
(-69.14085714 34.59714286 1)
(-60.44788283 40.4585785 1)
(-51.10010668 45.21290894 1)
(-41.3060997 48.96665135 1)
(-31.20813114 51.80610763 1)
(-20.90763563 53.7916063 1)
(-10.48324565 54.96627023 1)
(-71.37114286 35.71285714 1)
(-62.39805611 41.76355501 1)
(-52.74870925 46.67129515 1)
(-42.63873081 50.54616208 1)
(-32.21498054 53.47723988 1)
(-21.58216737 55.52680577 1)
(-10.82146118 56.73937223 1)
(-73.60142857 36.82857143 1)
(-64.34822939 43.06853152 1)
(-54.39731183 48.12968136 1)
(-43.97136192 52.12567282 1)
(-33.22182994 55.14837213 1)
(-22.25669912 57.26200524 1)
(-11.15967671 58.51247424 1)
(-75.83171429 37.94428571 1)
(-66.29840267 44.37350802 1)
(-56.0459144 49.58806757 1)
(-45.30399302 53.70518355 1)
(-34.22867933 56.81950437 1)
(-22.93123086 58.99720471 1)
(-11.49789224 60.28557625 1)
(-79.54012703 5.279775509 0)
(-78.24341567 10.41500272 0)
(-76.1664448 15.28864208 0)
(-73.43764415 19.83068919 0)
(-70.17464722 24.00669354 0)
(-66.48312539 27.81013803 0)
(-82.38083656 5.468389496 0)
(-81.03779153 10.7870649 0)
(-78.88660504 15.83480251 0)
(-76.06029976 20.53909698 0)
(-72.68071508 24.86426875 0)
(-68.85729767 28.8035683 0)
(-85.22154609 5.657003484 0)
(-83.83216739 11.15912707 0)
(-81.60676528 16.38096295 0)
(-78.68295536 21.24750478 0)
(-75.18678295 25.72184395 0)
(-71.23146995 29.79699856 0)
(-88.06225563 5.845617471 0)
(-86.62654325 11.53118925 0)
(-84.32692552 16.92712339 0)
(-81.30561097 21.95591257 0)
(-77.69285081 26.57941916 0)
(-73.60564222 30.79042883 0)
(-90.90296516 6.034231459 0)
(-89.42091911 11.90325142 0)
(-87.04708576 17.47328383 0)
(-83.92826658 22.66432037 0)
(-80.19891867 27.43699437 0)
(-75.9798145 31.78385909 0)
(-93.74367469 6.222845446 0)
(-92.21529497 12.2753136 0)
(-89.767246 18.01944427 0)
(-86.55092219 23.37272817 0)
(-82.70498654 28.29456958 0)
(-78.35398677 32.77728936 0)
(-96.58438423 6.411459434 0)
(-95.00967084 12.64737577 0)
(-92.48740624 18.56560471 0)
(-89.17357779 24.08113596 0)
(-85.2110544 29.15214479 0)
(-80.72815905 33.77071962 0)
(-79.54012703 5.279775509 1)
(-78.24341567 10.41500272 1)
(-76.1664448 15.28864208 1)
(-73.43764415 19.83068919 1)
(-70.17464722 24.00669354 1)
(-66.48312539 27.81013803 1)
(-82.38083656 5.468389496 1)
(-81.03779153 10.7870649 1)
(-78.88660504 15.83480251 1)
(-76.06029976 20.53909698 1)
(-72.68071508 24.86426875 1)
(-68.85729767 28.8035683 1)
(-85.22154609 5.657003484 1)
(-83.83216739 11.15912707 1)
(-81.60676528 16.38096295 1)
(-78.68295536 21.24750478 1)
(-75.18678295 25.72184395 1)
(-71.23146995 29.79699856 1)
(-88.06225563 5.845617471 1)
(-86.62654325 11.53118925 1)
(-84.32692552 16.92712339 1)
(-81.30561097 21.95591257 1)
(-77.69285081 26.57941916 1)
(-73.60564222 30.79042883 1)
(-90.90296516 6.034231459 1)
(-89.42091911 11.90325142 1)
(-87.04708576 17.47328383 1)
(-83.92826658 22.66432037 1)
(-80.19891867 27.43699437 1)
(-75.9798145 31.78385909 1)
(-93.74367469 6.222845446 1)
(-92.21529497 12.2753136 1)
(-89.767246 18.01944427 1)
(-86.55092219 23.37272817 1)
(-82.70498654 28.29456958 1)
(-78.35398677 32.77728936 1)
(-96.58438423 6.411459434 1)
(-95.00967084 12.64737577 1)
(-92.48740624 18.56560471 1)
(-89.17357779 24.08113596 1)
(-85.2110544 29.15214479 1)
(-80.72815905 33.77071962 1)
)


// ************************************************************************* //
