
/*--------------------------------*- C++ -*----------------------------------*\
  =========                 |
  \      /  F ield         | OpenFOAM: The Open Source CFD Toolbox
   \    /   O peration     | Website:  https://openfoam.org
    \  /    A nd           | Version:  10
     \/     M anipulation  |
\*---------------------------------------------------------------------------*/
FoamFile
{
    format      ascii;
    class       dictionary;
    object      blockMeshDict;
}
// * * * * * * * * * * * * * * * * * * * * * * * * * * * * * * * * * * * * * // 


convertToMeters 1;
vertices ( 

(-200 -100 0)      ////0
(-7.806 -100 0)    ////1
(0 -100 0)         ////2
(7.806 -100 0)     ////3
(200 -100 0)       ////4
(200 -3.91 0)      ////5
(200 0 0)          ////6
(200 3.91 0)       ////7
(200 100 0)        ////8
(7.806 100 0)      ////9
(0 100 0)          ////10
(-7.806 100 0)     ////11
(-200 100 0)       ////12
(-200 3.91 0)      ////13
(-200 0 0)         ////14
(-200 -3.91 0)     ////15
(-10 0 0)          ////16
(-7.806 -3.91 0)   ////17
(0 -6.25 0)        ////18
(7.806 -3.91 0)    ////19
(10 0 0)           ////20
(7.806 3.91 0)     ////21
(0 6.25 0)         ////22
(-7.806 3.91 0)    ////23
(-8 0 0)           ////24
(-6.245 -3.13 0)   ////25
(0 -5 0)           ////26
(6.245 -3.13 0)    ////27
(8 0 0)            ////28
(6.245 3.13 0)     ////29
(0 5 0)            ////30
(-6.245 3.13 0)    ////31


(-200 -100 1)      ////32
(-7.806 -100 1)    ////33
(0 -100 1)         ////34
(7.806 -100 1)     ////35
(200 -100 1)       ////36
(200 -3.91 1)      ////37
(200 0 1)          ////38
(200 3.91 1)       ////39
(200 100 1)        ////40
(7.806 100 1)      ////41
(0 100 1)          ////42
(-7.806 100 1)     ////43
(-200 100 1)       ////44
(-200 3.91 1)      ////45
(-200 0 1)         ////46
(-200 -3.91 1)     ////47
(-10 0 1)          ////48
(-7.806 -3.91 1)   ////49
(0 -6.25 1)        ////50
(7.806 -3.91 1)    ////51
(10 0 1)           ////52
(7.806 3.91 1)     ////53
(0 6.25 1)         ////54
(-7.806 3.91 1)    ////55
(-8 0 1)           ////56
(-6.245 -3.13 1)   ////57
(0 -5 1)           ////58
(6.245 -3.13 1)    ////59
(8 0 1)            ////60
(6.245 3.13 1)     ////61
(0 5 1)            ////62
(-6.245 3.13 1)    ////63


); 

blocks  ( 

hex (0  1  17  15  32  33  49  47) (4 2 1) simpleGrading (1 1 1)       // Block Number 0

hex (1  2  18  17  33  34  50  49) (2 2 1) simpleGrading (1 1 1)       // Block Number 1

hex (2  3  19  18  34  35  51  50) (2 2 1) simpleGrading (1 1 1)       // Block Number 2

hex (3  4  5  19  35  36  37  51) (4 2 1) simpleGrading (1 1 1)        // Block Number 3

hex (19  5  6  20  51  37  38  52) (4 2 1) simpleGrading (1 1 1)       // Block Number 4

hex (20  6  7  21  52  38  39  53) (4 2 1) simpleGrading (1 1 1)       // Block Number 5

hex (21  7  8  9  53  39  40  41) (4 2 1) simpleGrading (1 1 1)        // Block Number 6

hex (22  21  9  10  54  53  41  42) (2 2 1) simpleGrading (1 1 1)      // Block Number 7

hex (23  22  10  11  55  54  42  43) (2 2 1) simpleGrading (1 1 1)     // Block Number 8

hex (13  23  11  12  45  55  43  44) (4 2 1) simpleGrading (1 1 1)     // Block Number 9

hex (14  16  23  13  46  48  55  45) (4 2 1) simpleGrading (1 1 1)     // Block Number 10

hex (15  17  16  14  47  49  48  46) (4 2 1) simpleGrading (1 1 1)     // Block Number 11

hex (16  17  25  24  48  49  57  56) (2 2 1) simpleGrading (1 1 1)     // Block Number 12

hex (17  18  26  25  49  50  58  57) (2 2 1) simpleGrading (1 1 1)     // Block Number 13

hex (18  19  27  26  50  51  59  58) (2 2 1) simpleGrading (1 1 1)     // Block Number 14

hex (19  20  28  27  51  52  60  59) (2 2 1) simpleGrading (1 1 1)     // Block Number 15

hex (28  20  21  29  60  52  53  61) (2 2 1) simpleGrading (1 1 1)     // Block Number 16

hex (30  29  21  22  62  61  53  54) (2 2 1) simpleGrading (1 1 1)     // Block Number 17

hex (31  30  22  23  63  62  54  55) (2 2 1) simpleGrading (1 1 1)     // Block Number 18

hex (24  31  23  16  56  63  55  48) (2 2 1) simpleGrading (1 1 1)     // Block Number 19

);

edges (

polyLine 24 25 ((-8 0 0)
(-7.964183632620376 -0.47260046298946373 0)
(-7.928367265240751 -0.6676078176790106 0)
(-7.892550897861127 -0.8167294544858857 0)
(-7.856734530481502 -0.9420146540335315 0)
(-7.820918163101878 -1.0520142670103962 0)
(-7.785101795722253 -1.151118686566829 0)
(-7.7492854283426285 -1.241938905954585 0)
(-7.713469060963003 -1.3261779913248528 0)
(-7.677652693583379 -1.405020172885634 0)
(-7.641836326203755 -1.4793286013415496 0)
(-7.60601995882413 -1.549755573717717 0)
(-7.570203591444506 -1.6168083896311043 0)
(-7.534387224064881 -1.6808908954136006 0)
(-7.498570856685257 -1.742330863750497 0)
(-7.462754489305632 -1.8013987005272283 0)
(-7.426938121926008 -1.8583206183904935 0)
(-7.391121754546383 -1.913288155558301 0)
(-7.355305387166759 -1.966465208096638 0)
(-7.3194890197871345 -2.0179933265746524 0)
(-7.2836726524075095 -2.0679957738195527 0)
(-7.2478562850278845 -2.1165806807116136 0)
(-7.21203991764826 -2.163843533709902 0)
(-7.176223550268636 -2.2098691594266575 0)
(-7.140407182889011 -2.254733325292024 0)
(-7.104590815509387 -2.2985040434095785 0)
(-7.068774448129762 -2.3412426422625123 0)
(-7.032958080750138 -2.383004654908783 0)
(-6.997141713370514 -2.4238405606961684 0)
(-6.961325345990889 -2.463796409004876 0)
(-6.925508978611264 -2.502914347189121 0)
(-6.88969261123164 -2.541233070124693 0)
(-6.8538762438520155 -2.5787882051490794 0)
(-6.8180598764723905 -2.61561264340251 0)
(-6.782243509092766 -2.6517368264268857 0)
(-6.746427141713141 -2.6871889951993353 0)
(-6.710610774333517 -2.721995407454373 0)
(-6.674794406953892 -2.7561805280996023 0)
(-6.638978039574268 -2.78976719669196 0)
(-6.603161672194643 -2.822776775267936 0)
(-6.567345304815019 -2.855229279276182 0)
(-6.531528937435395 -2.8871434939175322 0)
(-6.49571257005577 -2.918537077834562 0)
(-6.459896202676146 -2.9494266557943565 0)
(-6.424079835296521 -2.979827901761421 0)
(-6.388263467916897 -3.00975561355268 0)
(-6.3524471005372725 -3.0392237800955497 0)
(-6.3166307331576474 -3.0682456421667266 0)
(-6.280814365778022 -3.0968337473688106 0)
(-6.244997998398398 -3.1249999999999996 0)
)

polyLine 56 57 ((-8 0 1)
(-7.964183632620376 -0.47260046298946373 1)
(-7.928367265240751 -0.6676078176790106 1)
(-7.892550897861127 -0.8167294544858857 1)
(-7.856734530481502 -0.9420146540335315 1)
(-7.820918163101878 -1.0520142670103962 1)
(-7.785101795722253 -1.151118686566829 1)
(-7.7492854283426285 -1.241938905954585 1)
(-7.713469060963003 -1.3261779913248528 1)
(-7.677652693583379 -1.405020172885634 1)
(-7.641836326203755 -1.4793286013415496 1)
(-7.60601995882413 -1.549755573717717 1)
(-7.570203591444506 -1.6168083896311043 1)
(-7.534387224064881 -1.6808908954136006 1)
(-7.498570856685257 -1.742330863750497 1)
(-7.462754489305632 -1.8013987005272283 1)
(-7.426938121926008 -1.8583206183904935 1)
(-7.391121754546383 -1.913288155558301 1)
(-7.355305387166759 -1.966465208096638 1)
(-7.3194890197871345 -2.0179933265746524 1)
(-7.2836726524075095 -2.0679957738195527 1)
(-7.2478562850278845 -2.1165806807116136 1)
(-7.21203991764826 -2.163843533709902 1)
(-7.176223550268636 -2.2098691594266575 1)
(-7.140407182889011 -2.254733325292024 1)
(-7.104590815509387 -2.2985040434095785 1)
(-7.068774448129762 -2.3412426422625123 1)
(-7.032958080750138 -2.383004654908783 1)
(-6.997141713370514 -2.4238405606961684 1)
(-6.961325345990889 -2.463796409004876 1)
(-6.925508978611264 -2.502914347189121 1)
(-6.88969261123164 -2.541233070124693 1)
(-6.8538762438520155 -2.5787882051490794 1)
(-6.8180598764723905 -2.61561264340251 1)
(-6.782243509092766 -2.6517368264268857 1)
(-6.746427141713141 -2.6871889951993353 1)
(-6.710610774333517 -2.721995407454373 1)
(-6.674794406953892 -2.7561805280996023 1)
(-6.638978039574268 -2.78976719669196 1)
(-6.603161672194643 -2.822776775267936 1)
(-6.567345304815019 -2.855229279276182 1)
(-6.531528937435395 -2.8871434939175322 1)
(-6.49571257005577 -2.918537077834562 1)
(-6.459896202676146 -2.9494266557943565 1)
(-6.424079835296521 -2.979827901761421 1)
(-6.388263467916897 -3.00975561355268 1)
(-6.3524471005372725 -3.0392237800955497 1)
(-6.3166307331576474 -3.0682456421667266 1)
(-6.280814365778022 -3.0968337473688106 1)
(-6.244997998398398 -3.1249999999999996 1)
)

polyLine 25 26 ((-6.244997998398398 -3.1249999999999996 0)
(-6.117549059655574 -3.221970082417743 0)
(-5.990100120912749 -3.314191816868845 0)
(-5.862651182169925 -3.402051375422811 0)
(-5.735202243427101 -3.4858786120636043 0)
(-5.607753304684276 -3.565957909185011 0)
(-5.480304365941452 -3.642536464762734 0)
(-5.352855427198627 -3.715830722622288 0)
(-5.2254064884558025 -3.7860314309645613 0)
(-5.097957549712978 -3.853307671122287 0)
(-4.970508610970153 -3.9178101020108893 0)
(-4.843059672227329 -3.9796735993693884 0)
(-4.715610733484505 -4.039019422412727 0)
(-4.58816179474168 -4.095957007433939 0)
(-4.460712855998856 -4.150585463989093 0)
(-4.333263917256032 -4.202994831785821 0)
(-4.205814978513207 -4.2532671434051155 0)
(-4.0783660397703825 -4.3014773282363254 0)
(-3.9509171010275583 -4.347693985609282 0)
(-3.8234681622847337 -4.391980049440747 0)
(-3.696019223541909 -4.434393362330228 0)
(-3.5685702847990846 -4.474987173622024 0)
(-3.4411213460562604 -4.5138105732623846 0)
(-3.313672407313436 -4.550908871150835 0)
(-3.1862234685706112 -4.586323929985086 0)
(-3.0587745298277866 -4.620094458233376 0)
(-2.9313255910849625 -4.652256268764013 0)
(-2.8038766523421383 -4.682842507763824 0)
(-2.6764277135993133 -4.711883857842415 0)
(-2.548978774856489 -4.739408718614851 0)
(-2.421529836113665 -4.765443367555576 0)
(-2.29408089737084 -4.790012103501075 0)
(-2.166631958628016 -4.81313737483199 0)
(-2.0391830198851917 -4.8348398940743404 0)
(-1.9117340811423666 -4.8551387404142625 0)
(-1.7842851423995425 -4.874051451412922 0)
(-1.6568362036567184 -4.891594105031594 0)
(-1.5293872649138933 -4.9077813929259 0)
(-1.4019383261710692 -4.922626685838562 0)
(-1.274489387428245 -4.936142091808199 0)
(-1.14704044868542 -4.948338507814689 0)
(-1.0195915099425958 -4.9592256653970885 0)
(-0.8921425711997708 -4.9688121707059025 0)
(-0.7646936324569467 -4.977105539386062 0)
(-0.6372446937141225 -4.984112226628746 0)
(-0.5097957549712975 -4.989837652678021 0)
(-0.38234681622847333 -4.994286224031104 0)
(-0.2548978774856492 -4.997461350527968 0)
(-0.12744893874282415 -4.999365458486228 0)
(0 -5 0)
)

polyLine 57 58 ((-6.244997998398398 -3.1249999999999996 1)
(-6.117549059655574 -3.221970082417743 1)
(-5.990100120912749 -3.314191816868845 1)
(-5.862651182169925 -3.402051375422811 1)
(-5.735202243427101 -3.4858786120636043 1)
(-5.607753304684276 -3.565957909185011 1)
(-5.480304365941452 -3.642536464762734 1)
(-5.352855427198627 -3.715830722622288 1)
(-5.2254064884558025 -3.7860314309645613 1)
(-5.097957549712978 -3.853307671122287 1)
(-4.970508610970153 -3.9178101020108893 1)
(-4.843059672227329 -3.9796735993693884 1)
(-4.715610733484505 -4.039019422412727 1)
(-4.58816179474168 -4.095957007433939 1)
(-4.460712855998856 -4.150585463989093 1)
(-4.333263917256032 -4.202994831785821 1)
(-4.205814978513207 -4.2532671434051155 1)
(-4.0783660397703825 -4.3014773282363254 1)
(-3.9509171010275583 -4.347693985609282 1)
(-3.8234681622847337 -4.391980049440747 1)
(-3.696019223541909 -4.434393362330228 1)
(-3.5685702847990846 -4.474987173622024 1)
(-3.4411213460562604 -4.5138105732623846 1)
(-3.313672407313436 -4.550908871150835 1)
(-3.1862234685706112 -4.586323929985086 1)
(-3.0587745298277866 -4.620094458233376 1)
(-2.9313255910849625 -4.652256268764013 1)
(-2.8038766523421383 -4.682842507763824 1)
(-2.6764277135993133 -4.711883857842415 1)
(-2.548978774856489 -4.739408718614851 1)
(-2.421529836113665 -4.765443367555576 1)
(-2.29408089737084 -4.790012103501075 1)
(-2.166631958628016 -4.81313737483199 1)
(-2.0391830198851917 -4.8348398940743404 1)
(-1.9117340811423666 -4.8551387404142625 1)
(-1.7842851423995425 -4.874051451412922 1)
(-1.6568362036567184 -4.891594105031594 1)
(-1.5293872649138933 -4.9077813929259 1)
(-1.4019383261710692 -4.922626685838562 1)
(-1.274489387428245 -4.936142091808199 1)
(-1.14704044868542 -4.948338507814689 1)
(-1.0195915099425958 -4.9592256653970885 1)
(-0.8921425711997708 -4.9688121707059025 1)
(-0.7646936324569467 -4.977105539386062 1)
(-0.6372446937141225 -4.984112226628746 1)
(-0.5097957549712975 -4.989837652678021 1)
(-0.38234681622847333 -4.994286224031104 1)
(-0.2548978774856492 -4.997461350527968 1)
(-0.12744893874282415 -4.999365458486228 1)
(0 -5 1)
)

polyLine 26 27 ((0 -5 0)
(0.12744893874282445 -4.999365458486228 0)
(0.2548978774856489 -4.997461350527968 0)
(0.3823468162284734 -4.994286224031104 0)
(0.5097957549712978 -4.989837652678021 0)
(0.6372446937141223 -4.984112226628746 0)
(0.7646936324569468 -4.977105539386062 0)
(0.8921425711997713 -4.9688121707059025 0)
(1.0195915099425956 -4.9592256653970885 0)
(1.14704044868542 -4.948338507814689 0)
(1.2744893874282446 -4.936142091808199 0)
(1.401938326171069 -4.922626685838562 0)
(1.5293872649138935 -4.9077813929259 0)
(1.656836203656718 -4.891594105031594 0)
(1.7842851423995425 -4.874051451412922 0)
(1.9117340811423666 -4.8551387404142625 0)
(2.0391830198851912 -4.8348398940743404 0)
(2.166631958628016 -4.81313737483199 0)
(2.29408089737084 -4.790012103501075 0)
(2.4215298361136646 -4.765443367555576 0)
(2.548978774856489 -4.739408718614851 0)
(2.6764277135993138 -4.711883857842415 0)
(2.803876652342138 -4.682842507763825 0)
(2.9313255910849625 -4.652256268764013 0)
(3.058774529827787 -4.620094458233376 0)
(3.1862234685706117 -4.586323929985086 0)
(3.313672407313436 -4.550908871150835 0)
(3.44112134605626 -4.5138105732623846 0)
(3.568570284799085 -4.474987173622024 0)
(3.696019223541909 -4.434393362330228 0)
(3.8234681622847333 -4.391980049440748 0)
(3.9509171010275583 -4.347693985609282 0)
(4.0783660397703825 -4.3014773282363254 0)
(4.205814978513207 -4.2532671434051155 0)
(4.333263917256032 -4.202994831785821 0)
(4.460712855998856 -4.150585463989093 0)
(4.58816179474168 -4.095957007433939 0)
(4.715610733484505 -4.039019422412727 0)
(4.843059672227329 -3.9796735993693884 0)
(4.970508610970153 -3.9178101020108893 0)
(5.097957549712978 -3.853307671122287 0)
(5.2254064884558025 -3.7860314309645613 0)
(5.3528554271986275 -3.7158307226222873 0)
(5.480304365941452 -3.642536464762734 0)
(5.607753304684276 -3.565957909185011 0)
(5.735202243427101 -3.4858786120636043 0)
(5.862651182169925 -3.402051375422811 0)
(5.990100120912749 -3.314191816868845 0)
(6.117549059655574 -3.221970082417743 0)
(6.244997998398398 -3.1249999999999996 0)
)

polyLine 58 59 ((0 -5 1)
(0.12744893874282445 -4.999365458486228 1)
(0.2548978774856489 -4.997461350527968 1)
(0.3823468162284734 -4.994286224031104 1)
(0.5097957549712978 -4.989837652678021 1)
(0.6372446937141223 -4.984112226628746 1)
(0.7646936324569468 -4.977105539386062 1)
(0.8921425711997713 -4.9688121707059025 1)
(1.0195915099425956 -4.9592256653970885 1)
(1.14704044868542 -4.948338507814689 1)
(1.2744893874282446 -4.936142091808199 1)
(1.401938326171069 -4.922626685838562 1)
(1.5293872649138935 -4.9077813929259 1)
(1.656836203656718 -4.891594105031594 1)
(1.7842851423995425 -4.874051451412922 1)
(1.9117340811423666 -4.8551387404142625 1)
(2.0391830198851912 -4.8348398940743404 1)
(2.166631958628016 -4.81313737483199 1)
(2.29408089737084 -4.790012103501075 1)
(2.4215298361136646 -4.765443367555576 1)
(2.548978774856489 -4.739408718614851 1)
(2.6764277135993138 -4.711883857842415 1)
(2.803876652342138 -4.682842507763825 1)
(2.9313255910849625 -4.652256268764013 1)
(3.058774529827787 -4.620094458233376 1)
(3.1862234685706117 -4.586323929985086 1)
(3.313672407313436 -4.550908871150835 1)
(3.44112134605626 -4.5138105732623846 1)
(3.568570284799085 -4.474987173622024 1)
(3.696019223541909 -4.434393362330228 1)
(3.8234681622847333 -4.391980049440748 1)
(3.9509171010275583 -4.347693985609282 1)
(4.0783660397703825 -4.3014773282363254 1)
(4.205814978513207 -4.2532671434051155 1)
(4.333263917256032 -4.202994831785821 1)
(4.460712855998856 -4.150585463989093 1)
(4.58816179474168 -4.095957007433939 1)
(4.715610733484505 -4.039019422412727 1)
(4.843059672227329 -3.9796735993693884 1)
(4.970508610970153 -3.9178101020108893 1)
(5.097957549712978 -3.853307671122287 1)
(5.2254064884558025 -3.7860314309645613 1)
(5.3528554271986275 -3.7158307226222873 1)
(5.480304365941452 -3.642536464762734 1)
(5.607753304684276 -3.565957909185011 1)
(5.735202243427101 -3.4858786120636043 1)
(5.862651182169925 -3.402051375422811 1)
(5.990100120912749 -3.314191816868845 1)
(6.117549059655574 -3.221970082417743 1)
(6.244997998398398 -3.1249999999999996 1)
)

polyLine 27 28 ((6.244997998398398 -3.1249999999999996 0)
(6.280814365778022 -3.0968337473688106 0)
(6.3166307331576474 -3.0682456421667266 0)
(6.352447100537272 -3.03922378009555 0)
(6.388263467916897 -3.00975561355268 0)
(6.424079835296521 -2.979827901761421 0)
(6.459896202676146 -2.9494266557943565 0)
(6.49571257005577 -2.918537077834562 0)
(6.531528937435395 -2.8871434939175322 0)
(6.567345304815019 -2.855229279276182 0)
(6.603161672194643 -2.822776775267936 0)
(6.638978039574268 -2.78976719669196 0)
(6.674794406953892 -2.7561805280996023 0)
(6.710610774333517 -2.721995407454373 0)
(6.746427141713141 -2.6871889951993353 0)
(6.782243509092766 -2.6517368264268857 0)
(6.8180598764723905 -2.61561264340251 0)
(6.8538762438520155 -2.5787882051490794 0)
(6.88969261123164 -2.541233070124693 0)
(6.925508978611264 -2.502914347189121 0)
(6.961325345990889 -2.463796409004876 0)
(6.997141713370514 -2.4238405606961684 0)
(7.032958080750138 -2.383004654908783 0)
(7.068774448129762 -2.3412426422625123 0)
(7.104590815509387 -2.2985040434095785 0)
(7.140407182889011 -2.254733325292024 0)
(7.176223550268636 -2.2098691594266575 0)
(7.21203991764826 -2.163843533709902 0)
(7.2478562850278845 -2.1165806807116136 0)
(7.2836726524075095 -2.0679957738195527 0)
(7.3194890197871345 -2.0179933265746524 0)
(7.355305387166759 -1.966465208096638 0)
(7.391121754546383 -1.913288155558301 0)
(7.426938121926008 -1.8583206183904935 0)
(7.462754489305632 -1.8013987005272283 0)
(7.498570856685257 -1.742330863750497 0)
(7.534387224064881 -1.6808908954136006 0)
(7.570203591444506 -1.6168083896311043 0)
(7.60601995882413 -1.549755573717717 0)
(7.641836326203755 -1.4793286013415496 0)
(7.677652693583379 -1.405020172885634 0)
(7.713469060963003 -1.3261779913248528 0)
(7.7492854283426285 -1.241938905954585 0)
(7.785101795722253 -1.151118686566829 0)
(7.820918163101878 -1.0520142670103962 0)
(7.856734530481502 -0.9420146540335315 0)
(7.892550897861126 -0.8167294544858901 0)
(7.928367265240751 -0.6676078176790106 0)
(7.964183632620376 -0.47260046298946373 0)
(8 0 0)
)

polyLine 59 60 ((6.244997998398398 -3.1249999999999996 1)
(6.280814365778022 -3.0968337473688106 1)
(6.3166307331576474 -3.0682456421667266 1)
(6.352447100537272 -3.03922378009555 1)
(6.388263467916897 -3.00975561355268 1)
(6.424079835296521 -2.979827901761421 1)
(6.459896202676146 -2.9494266557943565 1)
(6.49571257005577 -2.918537077834562 1)
(6.531528937435395 -2.8871434939175322 1)
(6.567345304815019 -2.855229279276182 1)
(6.603161672194643 -2.822776775267936 1)
(6.638978039574268 -2.78976719669196 1)
(6.674794406953892 -2.7561805280996023 1)
(6.710610774333517 -2.721995407454373 1)
(6.746427141713141 -2.6871889951993353 1)
(6.782243509092766 -2.6517368264268857 1)
(6.8180598764723905 -2.61561264340251 1)
(6.8538762438520155 -2.5787882051490794 1)
(6.88969261123164 -2.541233070124693 1)
(6.925508978611264 -2.502914347189121 1)
(6.961325345990889 -2.463796409004876 1)
(6.997141713370514 -2.4238405606961684 1)
(7.032958080750138 -2.383004654908783 1)
(7.068774448129762 -2.3412426422625123 1)
(7.104590815509387 -2.2985040434095785 1)
(7.140407182889011 -2.254733325292024 1)
(7.176223550268636 -2.2098691594266575 1)
(7.21203991764826 -2.163843533709902 1)
(7.2478562850278845 -2.1165806807116136 1)
(7.2836726524075095 -2.0679957738195527 1)
(7.3194890197871345 -2.0179933265746524 1)
(7.355305387166759 -1.966465208096638 1)
(7.391121754546383 -1.913288155558301 1)
(7.426938121926008 -1.8583206183904935 1)
(7.462754489305632 -1.8013987005272283 1)
(7.498570856685257 -1.742330863750497 1)
(7.534387224064881 -1.6808908954136006 1)
(7.570203591444506 -1.6168083896311043 1)
(7.60601995882413 -1.549755573717717 1)
(7.641836326203755 -1.4793286013415496 1)
(7.677652693583379 -1.405020172885634 1)
(7.713469060963003 -1.3261779913248528 1)
(7.7492854283426285 -1.241938905954585 1)
(7.785101795722253 -1.151118686566829 1)
(7.820918163101878 -1.0520142670103962 1)
(7.856734530481502 -0.9420146540335315 1)
(7.892550897861126 -0.8167294544858901 1)
(7.928367265240751 -0.6676078176790106 1)
(7.964183632620376 -0.47260046298946373 1)
(8 0 1)
)

polyLine 28 29 ((8 0 0)
(7.964183632620376 0.47260046298946373 0)
(7.928367265240751 0.6676078176790106 0)
(7.892550897861127 0.8167294544858857 0)
(7.856734530481502 0.9420146540335315 0)
(7.820918163101878 1.0520142670103962 0)
(7.785101795722253 1.151118686566829 0)
(7.7492854283426285 1.241938905954585 0)
(7.713469060963003 1.3261779913248528 0)
(7.677652693583379 1.405020172885634 0)
(7.641836326203755 1.4793286013415496 0)
(7.60601995882413 1.549755573717717 0)
(7.570203591444506 1.6168083896311043 0)
(7.534387224064881 1.6808908954136006 0)
(7.498570856685257 1.742330863750497 0)
(7.462754489305632 1.8013987005272283 0)
(7.426938121926008 1.8583206183904935 0)
(7.391121754546383 1.913288155558301 0)
(7.355305387166759 1.966465208096638 0)
(7.3194890197871345 2.0179933265746524 0)
(7.2836726524075095 2.0679957738195527 0)
(7.2478562850278845 2.1165806807116136 0)
(7.21203991764826 2.163843533709902 0)
(7.176223550268636 2.2098691594266575 0)
(7.140407182889011 2.254733325292024 0)
(7.104590815509387 2.2985040434095785 0)
(7.068774448129762 2.3412426422625123 0)
(7.032958080750138 2.383004654908783 0)
(6.997141713370514 2.4238405606961684 0)
(6.961325345990889 2.463796409004876 0)
(6.925508978611264 2.502914347189121 0)
(6.88969261123164 2.541233070124693 0)
(6.8538762438520155 2.5787882051490794 0)
(6.8180598764723905 2.61561264340251 0)
(6.782243509092766 2.6517368264268857 0)
(6.746427141713141 2.6871889951993353 0)
(6.710610774333517 2.721995407454373 0)
(6.674794406953892 2.7561805280996023 0)
(6.638978039574268 2.78976719669196 0)
(6.603161672194643 2.822776775267936 0)
(6.567345304815019 2.855229279276182 0)
(6.531528937435395 2.8871434939175322 0)
(6.49571257005577 2.918537077834562 0)
(6.459896202676146 2.9494266557943565 0)
(6.424079835296521 2.979827901761421 0)
(6.388263467916897 3.00975561355268 0)
(6.3524471005372725 3.0392237800955497 0)
(6.3166307331576474 3.0682456421667266 0)
(6.280814365778022 3.0968337473688106 0)
(6.244997998398398 3.1249999999999996 0)
)

polyLine 60 61 ((8 0 1)
(7.964183632620376 0.47260046298946373 1)
(7.928367265240751 0.6676078176790106 1)
(7.892550897861127 0.8167294544858857 1)
(7.856734530481502 0.9420146540335315 1)
(7.820918163101878 1.0520142670103962 1)
(7.785101795722253 1.151118686566829 1)
(7.7492854283426285 1.241938905954585 1)
(7.713469060963003 1.3261779913248528 1)
(7.677652693583379 1.405020172885634 1)
(7.641836326203755 1.4793286013415496 1)
(7.60601995882413 1.549755573717717 1)
(7.570203591444506 1.6168083896311043 1)
(7.534387224064881 1.6808908954136006 1)
(7.498570856685257 1.742330863750497 1)
(7.462754489305632 1.8013987005272283 1)
(7.426938121926008 1.8583206183904935 1)
(7.391121754546383 1.913288155558301 1)
(7.355305387166759 1.966465208096638 1)
(7.3194890197871345 2.0179933265746524 1)
(7.2836726524075095 2.0679957738195527 1)
(7.2478562850278845 2.1165806807116136 1)
(7.21203991764826 2.163843533709902 1)
(7.176223550268636 2.2098691594266575 1)
(7.140407182889011 2.254733325292024 1)
(7.104590815509387 2.2985040434095785 1)
(7.068774448129762 2.3412426422625123 1)
(7.032958080750138 2.383004654908783 1)
(6.997141713370514 2.4238405606961684 1)
(6.961325345990889 2.463796409004876 1)
(6.925508978611264 2.502914347189121 1)
(6.88969261123164 2.541233070124693 1)
(6.8538762438520155 2.5787882051490794 1)
(6.8180598764723905 2.61561264340251 1)
(6.782243509092766 2.6517368264268857 1)
(6.746427141713141 2.6871889951993353 1)
(6.710610774333517 2.721995407454373 1)
(6.674794406953892 2.7561805280996023 1)
(6.638978039574268 2.78976719669196 1)
(6.603161672194643 2.822776775267936 1)
(6.567345304815019 2.855229279276182 1)
(6.531528937435395 2.8871434939175322 1)
(6.49571257005577 2.918537077834562 1)
(6.459896202676146 2.9494266557943565 1)
(6.424079835296521 2.979827901761421 1)
(6.388263467916897 3.00975561355268 1)
(6.3524471005372725 3.0392237800955497 1)
(6.3166307331576474 3.0682456421667266 1)
(6.280814365778022 3.0968337473688106 1)
(6.244997998398398 3.1249999999999996 1)
)

polyLine 29 30 ((6.244997998398398 3.1249999999999996 0)
(6.117549059655574 3.221970082417743 0)
(5.990100120912749 3.314191816868845 0)
(5.862651182169925 3.402051375422811 0)
(5.735202243427101 3.4858786120636043 0)
(5.607753304684276 3.565957909185011 0)
(5.480304365941452 3.642536464762734 0)
(5.352855427198627 3.715830722622288 0)
(5.2254064884558025 3.7860314309645613 0)
(5.097957549712978 3.853307671122287 0)
(4.970508610970153 3.9178101020108893 0)
(4.843059672227329 3.9796735993693884 0)
(4.715610733484505 4.039019422412727 0)
(4.58816179474168 4.095957007433939 0)
(4.460712855998856 4.150585463989093 0)
(4.333263917256032 4.202994831785821 0)
(4.205814978513207 4.2532671434051155 0)
(4.0783660397703825 4.3014773282363254 0)
(3.9509171010275583 4.347693985609282 0)
(3.8234681622847337 4.391980049440747 0)
(3.696019223541909 4.434393362330228 0)
(3.5685702847990846 4.474987173622024 0)
(3.4411213460562604 4.5138105732623846 0)
(3.313672407313436 4.550908871150835 0)
(3.1862234685706112 4.586323929985086 0)
(3.0587745298277866 4.620094458233376 0)
(2.9313255910849625 4.652256268764013 0)
(2.8038766523421383 4.682842507763824 0)
(2.6764277135993133 4.711883857842415 0)
(2.548978774856489 4.739408718614851 0)
(2.421529836113665 4.765443367555576 0)
(2.29408089737084 4.790012103501075 0)
(2.166631958628016 4.81313737483199 0)
(2.0391830198851917 4.8348398940743404 0)
(1.9117340811423666 4.8551387404142625 0)
(1.7842851423995425 4.874051451412922 0)
(1.6568362036567184 4.891594105031594 0)
(1.5293872649138933 4.9077813929259 0)
(1.4019383261710692 4.922626685838562 0)
(1.274489387428245 4.936142091808199 0)
(1.14704044868542 4.948338507814689 0)
(1.0195915099425958 4.9592256653970885 0)
(0.8921425711997708 4.9688121707059025 0)
(0.7646936324569467 4.977105539386062 0)
(0.6372446937141225 4.984112226628746 0)
(0.5097957549712975 4.989837652678021 0)
(0.38234681622847333 4.994286224031104 0)
(0.2548978774856492 4.997461350527968 0)
(0.12744893874282415 4.999365458486228 0)
(0 5 0)
)

polyLine 61 62 ((6.244997998398398 3.1249999999999996 1)
(6.117549059655574 3.221970082417743 1)
(5.990100120912749 3.314191816868845 1)
(5.862651182169925 3.402051375422811 1)
(5.735202243427101 3.4858786120636043 1)
(5.607753304684276 3.565957909185011 1)
(5.480304365941452 3.642536464762734 1)
(5.352855427198627 3.715830722622288 1)
(5.2254064884558025 3.7860314309645613 1)
(5.097957549712978 3.853307671122287 1)
(4.970508610970153 3.9178101020108893 1)
(4.843059672227329 3.9796735993693884 1)
(4.715610733484505 4.039019422412727 1)
(4.58816179474168 4.095957007433939 1)
(4.460712855998856 4.150585463989093 1)
(4.333263917256032 4.202994831785821 1)
(4.205814978513207 4.2532671434051155 1)
(4.0783660397703825 4.3014773282363254 1)
(3.9509171010275583 4.347693985609282 1)
(3.8234681622847337 4.391980049440747 1)
(3.696019223541909 4.434393362330228 1)
(3.5685702847990846 4.474987173622024 1)
(3.4411213460562604 4.5138105732623846 1)
(3.313672407313436 4.550908871150835 1)
(3.1862234685706112 4.586323929985086 1)
(3.0587745298277866 4.620094458233376 1)
(2.9313255910849625 4.652256268764013 1)
(2.8038766523421383 4.682842507763824 1)
(2.6764277135993133 4.711883857842415 1)
(2.548978774856489 4.739408718614851 1)
(2.421529836113665 4.765443367555576 1)
(2.29408089737084 4.790012103501075 1)
(2.166631958628016 4.81313737483199 1)
(2.0391830198851917 4.8348398940743404 1)
(1.9117340811423666 4.8551387404142625 1)
(1.7842851423995425 4.874051451412922 1)
(1.6568362036567184 4.891594105031594 1)
(1.5293872649138933 4.9077813929259 1)
(1.4019383261710692 4.922626685838562 1)
(1.274489387428245 4.936142091808199 1)
(1.14704044868542 4.948338507814689 1)
(1.0195915099425958 4.9592256653970885 1)
(0.8921425711997708 4.9688121707059025 1)
(0.7646936324569467 4.977105539386062 1)
(0.6372446937141225 4.984112226628746 1)
(0.5097957549712975 4.989837652678021 1)
(0.38234681622847333 4.994286224031104 1)
(0.2548978774856492 4.997461350527968 1)
(0.12744893874282415 4.999365458486228 1)
(0 5 1)
)

polyLine 30 31 ((0 5 0)
(-0.12744893874282445 4.999365458486228 0)
(-0.2548978774856489 4.997461350527968 0)
(-0.3823468162284734 4.994286224031104 0)
(-0.5097957549712978 4.989837652678021 0)
(-0.6372446937141223 4.984112226628746 0)
(-0.7646936324569468 4.977105539386062 0)
(-0.8921425711997713 4.9688121707059025 0)
(-1.0195915099425956 4.9592256653970885 0)
(-1.14704044868542 4.948338507814689 0)
(-1.2744893874282446 4.936142091808199 0)
(-1.401938326171069 4.922626685838562 0)
(-1.5293872649138935 4.9077813929259 0)
(-1.656836203656718 4.891594105031594 0)
(-1.7842851423995425 4.874051451412922 0)
(-1.9117340811423666 4.8551387404142625 0)
(-2.0391830198851912 4.8348398940743404 0)
(-2.166631958628016 4.81313737483199 0)
(-2.29408089737084 4.790012103501075 0)
(-2.4215298361136646 4.765443367555576 0)
(-2.548978774856489 4.739408718614851 0)
(-2.6764277135993138 4.711883857842415 0)
(-2.803876652342138 4.682842507763825 0)
(-2.9313255910849625 4.652256268764013 0)
(-3.058774529827787 4.620094458233376 0)
(-3.1862234685706117 4.586323929985086 0)
(-3.313672407313436 4.550908871150835 0)
(-3.44112134605626 4.5138105732623846 0)
(-3.568570284799085 4.474987173622024 0)
(-3.696019223541909 4.434393362330228 0)
(-3.8234681622847333 4.391980049440748 0)
(-3.9509171010275583 4.347693985609282 0)
(-4.0783660397703825 4.3014773282363254 0)
(-4.205814978513207 4.2532671434051155 0)
(-4.333263917256032 4.202994831785821 0)
(-4.460712855998856 4.150585463989093 0)
(-4.58816179474168 4.095957007433939 0)
(-4.715610733484505 4.039019422412727 0)
(-4.843059672227329 3.9796735993693884 0)
(-4.970508610970153 3.9178101020108893 0)
(-5.097957549712978 3.853307671122287 0)
(-5.2254064884558025 3.7860314309645613 0)
(-5.3528554271986275 3.7158307226222873 0)
(-5.480304365941452 3.642536464762734 0)
(-5.607753304684276 3.565957909185011 0)
(-5.735202243427101 3.4858786120636043 0)
(-5.862651182169925 3.402051375422811 0)
(-5.990100120912749 3.314191816868845 0)
(-6.117549059655574 3.221970082417743 0)
(-6.244997998398398 3.1249999999999996 0)
)

polyLine 62 63 ((0 5 1)
(-0.12744893874282445 4.999365458486228 1)
(-0.2548978774856489 4.997461350527968 1)
(-0.3823468162284734 4.994286224031104 1)
(-0.5097957549712978 4.989837652678021 1)
(-0.6372446937141223 4.984112226628746 1)
(-0.7646936324569468 4.977105539386062 1)
(-0.8921425711997713 4.9688121707059025 1)
(-1.0195915099425956 4.9592256653970885 1)
(-1.14704044868542 4.948338507814689 1)
(-1.2744893874282446 4.936142091808199 1)
(-1.401938326171069 4.922626685838562 1)
(-1.5293872649138935 4.9077813929259 1)
(-1.656836203656718 4.891594105031594 1)
(-1.7842851423995425 4.874051451412922 1)
(-1.9117340811423666 4.8551387404142625 1)
(-2.0391830198851912 4.8348398940743404 1)
(-2.166631958628016 4.81313737483199 1)
(-2.29408089737084 4.790012103501075 1)
(-2.4215298361136646 4.765443367555576 1)
(-2.548978774856489 4.739408718614851 1)
(-2.6764277135993138 4.711883857842415 1)
(-2.803876652342138 4.682842507763825 1)
(-2.9313255910849625 4.652256268764013 1)
(-3.058774529827787 4.620094458233376 1)
(-3.1862234685706117 4.586323929985086 1)
(-3.313672407313436 4.550908871150835 1)
(-3.44112134605626 4.5138105732623846 1)
(-3.568570284799085 4.474987173622024 1)
(-3.696019223541909 4.434393362330228 1)
(-3.8234681622847333 4.391980049440748 1)
(-3.9509171010275583 4.347693985609282 1)
(-4.0783660397703825 4.3014773282363254 1)
(-4.205814978513207 4.2532671434051155 1)
(-4.333263917256032 4.202994831785821 1)
(-4.460712855998856 4.150585463989093 1)
(-4.58816179474168 4.095957007433939 1)
(-4.715610733484505 4.039019422412727 1)
(-4.843059672227329 3.9796735993693884 1)
(-4.970508610970153 3.9178101020108893 1)
(-5.097957549712978 3.853307671122287 1)
(-5.2254064884558025 3.7860314309645613 1)
(-5.3528554271986275 3.7158307226222873 1)
(-5.480304365941452 3.642536464762734 1)
(-5.607753304684276 3.565957909185011 1)
(-5.735202243427101 3.4858786120636043 1)
(-5.862651182169925 3.402051375422811 1)
(-5.990100120912749 3.314191816868845 1)
(-6.117549059655574 3.221970082417743 1)
(-6.244997998398398 3.1249999999999996 1)
)

polyLine 31 24 ((-6.244997998398398 3.1249999999999996 0)
(-6.280814365778022 3.0968337473688106 0)
(-6.3166307331576474 3.0682456421667266 0)
(-6.352447100537272 3.03922378009555 0)
(-6.388263467916897 3.00975561355268 0)
(-6.424079835296521 2.979827901761421 0)
(-6.459896202676146 2.9494266557943565 0)
(-6.49571257005577 2.918537077834562 0)
(-6.531528937435395 2.8871434939175322 0)
(-6.567345304815019 2.855229279276182 0)
(-6.603161672194643 2.822776775267936 0)
(-6.638978039574268 2.78976719669196 0)
(-6.674794406953892 2.7561805280996023 0)
(-6.710610774333517 2.721995407454373 0)
(-6.746427141713141 2.6871889951993353 0)
(-6.782243509092766 2.6517368264268857 0)
(-6.8180598764723905 2.61561264340251 0)
(-6.8538762438520155 2.5787882051490794 0)
(-6.88969261123164 2.541233070124693 0)
(-6.925508978611264 2.502914347189121 0)
(-6.961325345990889 2.463796409004876 0)
(-6.997141713370514 2.4238405606961684 0)
(-7.032958080750138 2.383004654908783 0)
(-7.068774448129762 2.3412426422625123 0)
(-7.104590815509387 2.2985040434095785 0)
(-7.140407182889011 2.254733325292024 0)
(-7.176223550268636 2.2098691594266575 0)
(-7.21203991764826 2.163843533709902 0)
(-7.2478562850278845 2.1165806807116136 0)
(-7.2836726524075095 2.0679957738195527 0)
(-7.3194890197871345 2.0179933265746524 0)
(-7.355305387166759 1.966465208096638 0)
(-7.391121754546383 1.913288155558301 0)
(-7.426938121926008 1.8583206183904935 0)
(-7.462754489305632 1.8013987005272283 0)
(-7.498570856685257 1.742330863750497 0)
(-7.534387224064881 1.6808908954136006 0)
(-7.570203591444506 1.6168083896311043 0)
(-7.60601995882413 1.549755573717717 0)
(-7.641836326203755 1.4793286013415496 0)
(-7.677652693583379 1.405020172885634 0)
(-7.713469060963003 1.3261779913248528 0)
(-7.7492854283426285 1.241938905954585 0)
(-7.785101795722253 1.151118686566829 0)
(-7.820918163101878 1.0520142670103962 0)
(-7.856734530481502 0.9420146540335315 0)
(-7.892550897861126 0.8167294544858901 0)
(-7.928367265240751 0.6676078176790106 0)
(-7.964183632620376 0.47260046298946373 0)
(-8 0 0)
)

polyLine 63 56 ((-6.244997998398398 3.1249999999999996 1)
(-6.280814365778022 3.0968337473688106 1)
(-6.3166307331576474 3.0682456421667266 1)
(-6.352447100537272 3.03922378009555 1)
(-6.388263467916897 3.00975561355268 1)
(-6.424079835296521 2.979827901761421 1)
(-6.459896202676146 2.9494266557943565 1)
(-6.49571257005577 2.918537077834562 1)
(-6.531528937435395 2.8871434939175322 1)
(-6.567345304815019 2.855229279276182 1)
(-6.603161672194643 2.822776775267936 1)
(-6.638978039574268 2.78976719669196 1)
(-6.674794406953892 2.7561805280996023 1)
(-6.710610774333517 2.721995407454373 1)
(-6.746427141713141 2.6871889951993353 1)
(-6.782243509092766 2.6517368264268857 1)
(-6.8180598764723905 2.61561264340251 1)
(-6.8538762438520155 2.5787882051490794 1)
(-6.88969261123164 2.541233070124693 1)
(-6.925508978611264 2.502914347189121 1)
(-6.961325345990889 2.463796409004876 1)
(-6.997141713370514 2.4238405606961684 1)
(-7.032958080750138 2.383004654908783 1)
(-7.068774448129762 2.3412426422625123 1)
(-7.104590815509387 2.2985040434095785 1)
(-7.140407182889011 2.254733325292024 1)
(-7.176223550268636 2.2098691594266575 1)
(-7.21203991764826 2.163843533709902 1)
(-7.2478562850278845 2.1165806807116136 1)
(-7.2836726524075095 2.0679957738195527 1)
(-7.3194890197871345 2.0179933265746524 1)
(-7.355305387166759 1.966465208096638 1)
(-7.391121754546383 1.913288155558301 1)
(-7.426938121926008 1.8583206183904935 1)
(-7.462754489305632 1.8013987005272283 1)
(-7.498570856685257 1.742330863750497 1)
(-7.534387224064881 1.6808908954136006 1)
(-7.570203591444506 1.6168083896311043 1)
(-7.60601995882413 1.549755573717717 1)
(-7.641836326203755 1.4793286013415496 1)
(-7.677652693583379 1.405020172885634 1)
(-7.713469060963003 1.3261779913248528 1)
(-7.7492854283426285 1.241938905954585 1)
(-7.785101795722253 1.151118686566829 1)
(-7.820918163101878 1.0520142670103962 1)
(-7.856734530481502 0.9420146540335315 1)
(-7.892550897861126 0.8167294544858901 1)
(-7.928367265240751 0.6676078176790106 1)
(-7.964183632620376 0.47260046298946373 1)
(-8 0 1)
)

polyLine 16 17 ((-10 0 0)
(-9.95522954077547 -0.5907505787368329 0)
(-9.910459081550938 -0.8345097720987639 0)
(-9.865688622326408 -1.0209118181073606 0)
(-9.820918163101878 -1.177518317541911 0)
(-9.776147703877347 -1.315017833762993 0)
(-9.731377244652816 -1.4388983582085386 0)
(-9.686606785428285 -1.552423632443234 0)
(-9.641836326203755 -1.657722489156065 0)
(-9.597065866979223 -1.7562752161070445 0)
(-9.552295407754693 -1.8491607516769395 0)
(-9.507524948530163 -1.937194467147147 0)
(-9.462754489305633 -2.0210104870388785 0)
(-9.4179840300811 -2.1011136192670015 0)
(-9.37321357085657 -2.1779135796881213 0)
(-9.32844311163204 -2.251748375659033 0)
(-9.283672652407509 -2.3229007729881186 0)
(-9.238902193182978 -2.391610194447876 0)
(-9.194131733958448 -2.458081510120798 0)
(-9.149361274733916 -2.522491658218318 0)
(-9.104590815509386 -2.5849947172744416 0)
(-9.059820356284856 -2.645725850889517 0)
(-9.015049897060326 -2.7048044171373755 0)
(-8.970279437835794 -2.7623364492833233 0)
(-8.925508978611264 -2.81841665661503 0)
(-8.880738519386734 -2.8731300542619733 0)
(-8.835968060162203 -2.9265533028281396 0)
(-8.791197600937672 -2.9787558186359804 0)
(-8.746427141713141 -3.029800700870212 0)
(-8.701656682488611 -3.0797455112560947 0)
(-8.65688622326408 -3.128642933986402 0)
(-8.61211576403955 -3.1765413376558658 0)
(-8.567345304815019 -3.2234852564363505 0)
(-8.522574845590489 -3.269515804253137 0)
(-8.477804386365957 -3.314671033033608 0)
(-8.433033927141427 -3.358986243999169 0)
(-8.388263467916897 -3.4024942593179666 0)
(-8.343493008692366 -3.4452256601245024 0)
(-8.298722549467834 -3.4872089958649504 0)
(-8.253952090243304 -3.52847096908492 0)
(-8.209181631018774 -3.5690365990952273 0)
(-8.164411171794242 -3.6089293673969167 0)
(-8.119640712569712 -3.6481713472932022 0)
(-8.074870253345182 -3.686783319742945 0)
(-8.03009979412065 -3.724784877201776 0)
(-7.98532933489612 -3.7621945169408506 0)
(-7.94055887567159 -3.7990297251194383 0)
(-7.895788416447059 -3.835307052708409 0)
(-7.851017957222528 -3.871042184211014 0)
(-7.806247497997997 -3.90625 0)
)

polyLine 48 49 ((-10 0 1)
(-9.95522954077547 -0.5907505787368329 1)
(-9.910459081550938 -0.8345097720987639 1)
(-9.865688622326408 -1.0209118181073606 1)
(-9.820918163101878 -1.177518317541911 1)
(-9.776147703877347 -1.315017833762993 1)
(-9.731377244652816 -1.4388983582085386 1)
(-9.686606785428285 -1.552423632443234 1)
(-9.641836326203755 -1.657722489156065 1)
(-9.597065866979223 -1.7562752161070445 1)
(-9.552295407754693 -1.8491607516769395 1)
(-9.507524948530163 -1.937194467147147 1)
(-9.462754489305633 -2.0210104870388785 1)
(-9.4179840300811 -2.1011136192670015 1)
(-9.37321357085657 -2.1779135796881213 1)
(-9.32844311163204 -2.251748375659033 1)
(-9.283672652407509 -2.3229007729881186 1)
(-9.238902193182978 -2.391610194447876 1)
(-9.194131733958448 -2.458081510120798 1)
(-9.149361274733916 -2.522491658218318 1)
(-9.104590815509386 -2.5849947172744416 1)
(-9.059820356284856 -2.645725850889517 1)
(-9.015049897060326 -2.7048044171373755 1)
(-8.970279437835794 -2.7623364492833233 1)
(-8.925508978611264 -2.81841665661503 1)
(-8.880738519386734 -2.8731300542619733 1)
(-8.835968060162203 -2.9265533028281396 1)
(-8.791197600937672 -2.9787558186359804 1)
(-8.746427141713141 -3.029800700870212 1)
(-8.701656682488611 -3.0797455112560947 1)
(-8.65688622326408 -3.128642933986402 1)
(-8.61211576403955 -3.1765413376558658 1)
(-8.567345304815019 -3.2234852564363505 1)
(-8.522574845590489 -3.269515804253137 1)
(-8.477804386365957 -3.314671033033608 1)
(-8.433033927141427 -3.358986243999169 1)
(-8.388263467916897 -3.4024942593179666 1)
(-8.343493008692366 -3.4452256601245024 1)
(-8.298722549467834 -3.4872089958649504 1)
(-8.253952090243304 -3.52847096908492 1)
(-8.209181631018774 -3.5690365990952273 1)
(-8.164411171794242 -3.6089293673969167 1)
(-8.119640712569712 -3.6481713472932022 1)
(-8.074870253345182 -3.686783319742945 1)
(-8.03009979412065 -3.724784877201776 1)
(-7.98532933489612 -3.7621945169408506 1)
(-7.94055887567159 -3.7990297251194383 1)
(-7.895788416447059 -3.835307052708409 1)
(-7.851017957222528 -3.871042184211014 1)
(-7.806247497997997 -3.90625 1)
)

polyLine 17 18 ((-7.806247497997997 -3.90625 0)
(-7.646936324569467 -4.0274626030221805 0)
(-7.487625151140937 -4.142739771086056 0)
(-7.328313977712406 -4.252564219278515 0)
(-7.169002804283875 -4.357348265079506 0)
(-7.009691630855345 -4.457447386481263 0)
(-6.850380457426814 -4.553170580953418 0)
(-6.691069283998283 -4.64478840327786 0)
(-6.531758110569752 -4.732539288705702 0)
(-6.3724469371412225 -4.816634588902859 0)
(-6.213135763712692 -4.897262627513612 0)
(-6.053824590284162 -4.974591999211735 0)
(-5.894513416855631 -5.048774278015909 0)
(-5.7352022434271 -5.119946259292424 0)
(-5.575891069998569 -5.188231829986366 0)
(-5.416579896570039 -5.253743539732277 0)
(-5.257268723141508 -5.316583929256395 0)
(-5.097957549712978 -5.376846660295406 0)
(-4.9386463762844475 -5.434617482011602 0)
(-4.779335202855917 -5.489975061800934 0)
(-4.620024029427386 -5.542991702912785 0)
(-4.460712855998856 -5.59373396702753 0)
(-4.301401682570326 -5.64226321657798 0)
(-4.142090509141795 -5.6886360889385434 0)
(-3.982779335713264 -5.7329049124813585 0)
(-3.8234681622847337 -5.77511807279172 0)
(-3.6641569888562024 -5.8153203359550165 0)
(-3.5048458154276725 -5.8535531347047804 0)
(-3.3455346419991416 -5.889854822303018 0)
(-3.186223468570611 -5.924260898268564 0)
(-3.026912295142081 -5.95680420944447 0)
(-2.86760112171355 -5.9875151293763444 0)
(-2.708289948285019 -6.016421718539988 0)
(-2.5489787748564883 -6.043549867592925 0)
(-2.389667601427959 -6.068923425517828 0)
(-2.2303564279994283 -6.092564314266152 0)
(-2.0710452545708966 -6.114492631289493 0)
(-1.9117340811423675 -6.134726741157375 0)
(-1.7524229077138367 -6.153283357298203 0)
(-1.593111734285305 -6.170177614760249 0)
(-1.433800560856774 -6.185423134768361 0)
(-1.274489387428245 -6.199032081746361 0)
(-1.1151782139997142 -6.211015213382378 0)
(-0.9558670405711824 -6.221381924232578 0)
(-0.7965558671426534 -6.230140283285932 0)
(-0.6372446937141225 -6.237297065847526 0)
(-0.47793352028559166 -6.242857780038879 0)
(-0.3186223468570617 -6.246826688159961 0)
(-0.15931117342853085 -6.249206823107784 0)
(0 -6.25 0)
)

polyLine 49 50 ((-7.806247497997997 -3.90625 1)
(-7.646936324569467 -4.0274626030221805 1)
(-7.487625151140937 -4.142739771086056 1)
(-7.328313977712406 -4.252564219278515 1)
(-7.169002804283875 -4.357348265079506 1)
(-7.009691630855345 -4.457447386481263 1)
(-6.850380457426814 -4.553170580953418 1)
(-6.691069283998283 -4.64478840327786 1)
(-6.531758110569752 -4.732539288705702 1)
(-6.3724469371412225 -4.816634588902859 1)
(-6.213135763712692 -4.897262627513612 1)
(-6.053824590284162 -4.974591999211735 1)
(-5.894513416855631 -5.048774278015909 1)
(-5.7352022434271 -5.119946259292424 1)
(-5.575891069998569 -5.188231829986366 1)
(-5.416579896570039 -5.253743539732277 1)
(-5.257268723141508 -5.316583929256395 1)
(-5.097957549712978 -5.376846660295406 1)
(-4.9386463762844475 -5.434617482011602 1)
(-4.779335202855917 -5.489975061800934 1)
(-4.620024029427386 -5.542991702912785 1)
(-4.460712855998856 -5.59373396702753 1)
(-4.301401682570326 -5.64226321657798 1)
(-4.142090509141795 -5.6886360889385434 1)
(-3.982779335713264 -5.7329049124813585 1)
(-3.8234681622847337 -5.77511807279172 1)
(-3.6641569888562024 -5.8153203359550165 1)
(-3.5048458154276725 -5.8535531347047804 1)
(-3.3455346419991416 -5.889854822303018 1)
(-3.186223468570611 -5.924260898268564 1)
(-3.026912295142081 -5.95680420944447 1)
(-2.86760112171355 -5.9875151293763444 1)
(-2.708289948285019 -6.016421718539988 1)
(-2.5489787748564883 -6.043549867592925 1)
(-2.389667601427959 -6.068923425517828 1)
(-2.2303564279994283 -6.092564314266152 1)
(-2.0710452545708966 -6.114492631289493 1)
(-1.9117340811423675 -6.134726741157375 1)
(-1.7524229077138367 -6.153283357298203 1)
(-1.593111734285305 -6.170177614760249 1)
(-1.433800560856774 -6.185423134768361 1)
(-1.274489387428245 -6.199032081746361 1)
(-1.1151782139997142 -6.211015213382378 1)
(-0.9558670405711824 -6.221381924232578 1)
(-0.7965558671426534 -6.230140283285932 1)
(-0.6372446937141225 -6.237297065847526 1)
(-0.47793352028559166 -6.242857780038879 1)
(-0.3186223468570617 -6.246826688159961 1)
(-0.15931117342853085 -6.249206823107784 1)
(0 -6.25 1)
)

polyLine 18 19 ((0 -6.25 0)
(0.15931117342853057 -6.249206823107784 0)
(0.31862234685706115 -6.246826688159961 0)
(0.47793352028559166 -6.242857780038879 0)
(0.6372446937141223 -6.237297065847526 0)
(0.7965558671426529 -6.230140283285932 0)
(0.9558670405711833 -6.221381924232578 0)
(1.115178213999714 -6.211015213382378 0)
(1.2744893874282446 -6.199032081746361 0)
(1.4338005608567752 -6.185423134768361 0)
(1.5931117342853058 -6.170177614760248 0)
(1.752422907713836 -6.153283357298203 0)
(1.9117340811423666 -6.134726741157375 0)
(2.0710452545708975 -6.114492631289493 0)
(2.230356427999428 -6.092564314266152 0)
(2.3896676014279583 -6.068923425517828 0)
(2.548978774856489 -6.043549867592925 0)
(2.708289948285019 -6.016421718539988 0)
(2.8676011217135504 -5.9875151293763444 0)
(3.0269122951420804 -5.95680420944447 0)
(3.1862234685706117 -5.924260898268564 0)
(3.3455346419991416 -5.889854822303018 0)
(3.504845815427672 -5.8535531347047804 0)
(3.664156988856203 -5.8153203359550165 0)
(3.8234681622847333 -5.77511807279172 0)
(3.9827793357132637 -5.732904912481359 0)
(4.142090509141795 -5.6886360889385434 0)
(4.301401682570325 -5.64226321657798 0)
(4.460712855998856 -5.59373396702753 0)
(4.620024029427387 -5.542991702912785 0)
(4.779335202855917 -5.489975061800934 0)
(4.9386463762844475 -5.434617482011602 0)
(5.097957549712978 -5.376846660295406 0)
(5.257268723141509 -5.316583929256394 0)
(5.416579896570038 -5.253743539732278 0)
(5.575891069998569 -5.188231829986366 0)
(5.735202243427101 -5.119946259292424 0)
(5.89451341685563 -5.048774278015909 0)
(6.053824590284161 -4.974591999211736 0)
(6.2131357637126925 -4.897262627513611 0)
(6.372446937141223 -4.816634588902859 0)
(6.531758110569752 -4.732539288705702 0)
(6.691069283998283 -4.64478840327786 0)
(6.850380457426815 -4.5531705809534175 0)
(7.009691630855344 -4.457447386481264 0)
(7.169002804283875 -4.357348265079506 0)
(7.328313977712406 -4.252564219278515 0)
(7.487625151140936 -4.142739771086057 0)
(7.646936324569467 -4.0274626030221805 0)
(7.806247497997997 -3.90625 0)
)

polyLine 50 51 ((0 -6.25 1)
(0.15931117342853057 -6.249206823107784 1)
(0.31862234685706115 -6.246826688159961 1)
(0.47793352028559166 -6.242857780038879 1)
(0.6372446937141223 -6.237297065847526 1)
(0.7965558671426529 -6.230140283285932 1)
(0.9558670405711833 -6.221381924232578 1)
(1.115178213999714 -6.211015213382378 1)
(1.2744893874282446 -6.199032081746361 1)
(1.4338005608567752 -6.185423134768361 1)
(1.5931117342853058 -6.170177614760248 1)
(1.752422907713836 -6.153283357298203 1)
(1.9117340811423666 -6.134726741157375 1)
(2.0710452545708975 -6.114492631289493 1)
(2.230356427999428 -6.092564314266152 1)
(2.3896676014279583 -6.068923425517828 1)
(2.548978774856489 -6.043549867592925 1)
(2.708289948285019 -6.016421718539988 1)
(2.8676011217135504 -5.9875151293763444 1)
(3.0269122951420804 -5.95680420944447 1)
(3.1862234685706117 -5.924260898268564 1)
(3.3455346419991416 -5.889854822303018 1)
(3.504845815427672 -5.8535531347047804 1)
(3.664156988856203 -5.8153203359550165 1)
(3.8234681622847333 -5.77511807279172 1)
(3.9827793357132637 -5.732904912481359 1)
(4.142090509141795 -5.6886360889385434 1)
(4.301401682570325 -5.64226321657798 1)
(4.460712855998856 -5.59373396702753 1)
(4.620024029427387 -5.542991702912785 1)
(4.779335202855917 -5.489975061800934 1)
(4.9386463762844475 -5.434617482011602 1)
(5.097957549712978 -5.376846660295406 1)
(5.257268723141509 -5.316583929256394 1)
(5.416579896570038 -5.253743539732278 1)
(5.575891069998569 -5.188231829986366 1)
(5.735202243427101 -5.119946259292424 1)
(5.89451341685563 -5.048774278015909 1)
(6.053824590284161 -4.974591999211736 1)
(6.2131357637126925 -4.897262627513611 1)
(6.372446937141223 -4.816634588902859 1)
(6.531758110569752 -4.732539288705702 1)
(6.691069283998283 -4.64478840327786 1)
(6.850380457426815 -4.5531705809534175 1)
(7.009691630855344 -4.457447386481264 1)
(7.169002804283875 -4.357348265079506 1)
(7.328313977712406 -4.252564219278515 1)
(7.487625151140936 -4.142739771086057 1)
(7.646936324569467 -4.0274626030221805 1)
(7.806247497997997 -3.90625 1)
)

polyLine 19 20 ((7.806247497997997 -3.90625 0)
(7.8510179572225285 -3.871042184211013 0)
(7.895788416447059 -3.835307052708409 0)
(7.94055887567159 -3.7990297251194383 0)
(7.98532933489612 -3.7621945169408506 0)
(8.03009979412065 -3.724784877201776 0)
(8.074870253345182 -3.686783319742945 0)
(8.119640712569712 -3.6481713472932022 0)
(8.164411171794242 -3.6089293673969167 0)
(8.209181631018774 -3.5690365990952273 0)
(8.253952090243304 -3.52847096908492 0)
(8.298722549467834 -3.4872089958649504 0)
(8.343493008692365 -3.445225660124504 0)
(8.388263467916897 -3.4024942593179666 0)
(8.433033927141427 -3.358986243999169 0)
(8.477804386365957 -3.314671033033608 0)
(8.522574845590489 -3.269515804253137 0)
(8.567345304815019 -3.2234852564363505 0)
(8.61211576403955 -3.1765413376558658 0)
(8.656886223264081 -3.1286429339864 0)
(8.701656682488611 -3.0797455112560947 0)
(8.746427141713141 -3.029800700870212 0)
(8.791197600937672 -2.9787558186359804 0)
(8.835968060162203 -2.9265533028281396 0)
(8.880738519386734 -2.8731300542619733 0)
(8.925508978611264 -2.81841665661503 0)
(8.970279437835794 -2.7623364492833233 0)
(9.015049897060326 -2.7048044171373755 0)
(9.059820356284856 -2.645725850889517 0)
(9.104590815509386 -2.5849947172744416 0)
(9.149361274733918 -2.522491658218317 0)
(9.194131733958448 -2.458081510120798 0)
(9.238902193182978 -2.391610194447876 0)
(9.283672652407509 -2.3229007729881186 0)
(9.32844311163204 -2.251748375659033 0)
(9.37321357085657 -2.1779135796881213 0)
(9.4179840300811 -2.1011136192670015 0)
(9.462754489305631 -2.021010487038882 0)
(9.507524948530163 -1.937194467147147 0)
(9.552295407754693 -1.8491607516769395 0)
(9.597065866979223 -1.7562752161070445 0)
(9.641836326203755 -1.657722489156065 0)
(9.686606785428285 -1.552423632443234 0)
(9.731377244652816 -1.4388983582085386 0)
(9.776147703877347 -1.315017833762993 0)
(9.820918163101878 -1.177518317541911 0)
(9.865688622326408 -1.0209118181073606 0)
(9.91045908155094 -0.8345097720987597 0)
(9.95522954077547 -0.5907505787368329 0)
(10 0 0)
)

polyLine 51 52 ((7.806247497997997 -3.90625 1)
(7.8510179572225285 -3.871042184211013 1)
(7.895788416447059 -3.835307052708409 1)
(7.94055887567159 -3.7990297251194383 1)
(7.98532933489612 -3.7621945169408506 1)
(8.03009979412065 -3.724784877201776 1)
(8.074870253345182 -3.686783319742945 1)
(8.119640712569712 -3.6481713472932022 1)
(8.164411171794242 -3.6089293673969167 1)
(8.209181631018774 -3.5690365990952273 1)
(8.253952090243304 -3.52847096908492 1)
(8.298722549467834 -3.4872089958649504 1)
(8.343493008692365 -3.445225660124504 1)
(8.388263467916897 -3.4024942593179666 1)
(8.433033927141427 -3.358986243999169 1)
(8.477804386365957 -3.314671033033608 1)
(8.522574845590489 -3.269515804253137 1)
(8.567345304815019 -3.2234852564363505 1)
(8.61211576403955 -3.1765413376558658 1)
(8.656886223264081 -3.1286429339864 1)
(8.701656682488611 -3.0797455112560947 1)
(8.746427141713141 -3.029800700870212 1)
(8.791197600937672 -2.9787558186359804 1)
(8.835968060162203 -2.9265533028281396 1)
(8.880738519386734 -2.8731300542619733 1)
(8.925508978611264 -2.81841665661503 1)
(8.970279437835794 -2.7623364492833233 1)
(9.015049897060326 -2.7048044171373755 1)
(9.059820356284856 -2.645725850889517 1)
(9.104590815509386 -2.5849947172744416 1)
(9.149361274733918 -2.522491658218317 1)
(9.194131733958448 -2.458081510120798 1)
(9.238902193182978 -2.391610194447876 1)
(9.283672652407509 -2.3229007729881186 1)
(9.32844311163204 -2.251748375659033 1)
(9.37321357085657 -2.1779135796881213 1)
(9.4179840300811 -2.1011136192670015 1)
(9.462754489305631 -2.021010487038882 1)
(9.507524948530163 -1.937194467147147 1)
(9.552295407754693 -1.8491607516769395 1)
(9.597065866979223 -1.7562752161070445 1)
(9.641836326203755 -1.657722489156065 1)
(9.686606785428285 -1.552423632443234 1)
(9.731377244652816 -1.4388983582085386 1)
(9.776147703877347 -1.315017833762993 1)
(9.820918163101878 -1.177518317541911 1)
(9.865688622326408 -1.0209118181073606 1)
(9.91045908155094 -0.8345097720987597 1)
(9.95522954077547 -0.5907505787368329 1)
(10 0 1)
)

polyLine 20 21 ((10 0 0)
(9.95522954077547 0.5907505787368329 0)
(9.910459081550938 0.8345097720987639 0)
(9.865688622326408 1.0209118181073606 0)
(9.820918163101878 1.177518317541911 0)
(9.776147703877347 1.315017833762993 0)
(9.731377244652816 1.4388983582085386 0)
(9.686606785428285 1.552423632443234 0)
(9.641836326203755 1.657722489156065 0)
(9.597065866979223 1.7562752161070445 0)
(9.552295407754693 1.8491607516769395 0)
(9.507524948530163 1.937194467147147 0)
(9.462754489305633 2.0210104870388785 0)
(9.4179840300811 2.1011136192670015 0)
(9.37321357085657 2.1779135796881213 0)
(9.32844311163204 2.251748375659033 0)
(9.283672652407509 2.3229007729881186 0)
(9.238902193182978 2.391610194447876 0)
(9.194131733958448 2.458081510120798 0)
(9.149361274733916 2.522491658218318 0)
(9.104590815509386 2.5849947172744416 0)
(9.059820356284856 2.645725850889517 0)
(9.015049897060326 2.7048044171373755 0)
(8.970279437835794 2.7623364492833233 0)
(8.925508978611264 2.81841665661503 0)
(8.880738519386734 2.8731300542619733 0)
(8.835968060162203 2.9265533028281396 0)
(8.791197600937672 2.9787558186359804 0)
(8.746427141713141 3.029800700870212 0)
(8.701656682488611 3.0797455112560947 0)
(8.65688622326408 3.128642933986402 0)
(8.61211576403955 3.1765413376558658 0)
(8.567345304815019 3.2234852564363505 0)
(8.522574845590489 3.269515804253137 0)
(8.477804386365957 3.314671033033608 0)
(8.433033927141427 3.358986243999169 0)
(8.388263467916897 3.4024942593179666 0)
(8.343493008692366 3.4452256601245024 0)
(8.298722549467834 3.4872089958649504 0)
(8.253952090243304 3.52847096908492 0)
(8.209181631018774 3.5690365990952273 0)
(8.164411171794242 3.6089293673969167 0)
(8.119640712569712 3.6481713472932022 0)
(8.074870253345182 3.686783319742945 0)
(8.03009979412065 3.724784877201776 0)
(7.98532933489612 3.7621945169408506 0)
(7.94055887567159 3.7990297251194383 0)
(7.895788416447059 3.835307052708409 0)
(7.851017957222528 3.871042184211014 0)
(7.806247497997997 3.90625 0)
)

polyLine 52 53 ((10 0 1)
(9.95522954077547 0.5907505787368329 1)
(9.910459081550938 0.8345097720987639 1)
(9.865688622326408 1.0209118181073606 1)
(9.820918163101878 1.177518317541911 1)
(9.776147703877347 1.315017833762993 1)
(9.731377244652816 1.4388983582085386 1)
(9.686606785428285 1.552423632443234 1)
(9.641836326203755 1.657722489156065 1)
(9.597065866979223 1.7562752161070445 1)
(9.552295407754693 1.8491607516769395 1)
(9.507524948530163 1.937194467147147 1)
(9.462754489305633 2.0210104870388785 1)
(9.4179840300811 2.1011136192670015 1)
(9.37321357085657 2.1779135796881213 1)
(9.32844311163204 2.251748375659033 1)
(9.283672652407509 2.3229007729881186 1)
(9.238902193182978 2.391610194447876 1)
(9.194131733958448 2.458081510120798 1)
(9.149361274733916 2.522491658218318 1)
(9.104590815509386 2.5849947172744416 1)
(9.059820356284856 2.645725850889517 1)
(9.015049897060326 2.7048044171373755 1)
(8.970279437835794 2.7623364492833233 1)
(8.925508978611264 2.81841665661503 1)
(8.880738519386734 2.8731300542619733 1)
(8.835968060162203 2.9265533028281396 1)
(8.791197600937672 2.9787558186359804 1)
(8.746427141713141 3.029800700870212 1)
(8.701656682488611 3.0797455112560947 1)
(8.65688622326408 3.128642933986402 1)
(8.61211576403955 3.1765413376558658 1)
(8.567345304815019 3.2234852564363505 1)
(8.522574845590489 3.269515804253137 1)
(8.477804386365957 3.314671033033608 1)
(8.433033927141427 3.358986243999169 1)
(8.388263467916897 3.4024942593179666 1)
(8.343493008692366 3.4452256601245024 1)
(8.298722549467834 3.4872089958649504 1)
(8.253952090243304 3.52847096908492 1)
(8.209181631018774 3.5690365990952273 1)
(8.164411171794242 3.6089293673969167 1)
(8.119640712569712 3.6481713472932022 1)
(8.074870253345182 3.686783319742945 1)
(8.03009979412065 3.724784877201776 1)
(7.98532933489612 3.7621945169408506 1)
(7.94055887567159 3.7990297251194383 1)
(7.895788416447059 3.835307052708409 1)
(7.851017957222528 3.871042184211014 1)
(7.806247497997997 3.90625 1)
)

polyLine 21 22 ((7.806247497997997 3.90625 0)
(7.646936324569467 4.0274626030221805 0)
(7.487625151140937 4.142739771086056 0)
(7.328313977712406 4.252564219278515 0)
(7.169002804283875 4.357348265079506 0)
(7.009691630855345 4.457447386481263 0)
(6.850380457426814 4.553170580953418 0)
(6.691069283998283 4.64478840327786 0)
(6.531758110569752 4.732539288705702 0)
(6.3724469371412225 4.816634588902859 0)
(6.213135763712692 4.897262627513612 0)
(6.053824590284162 4.974591999211735 0)
(5.894513416855631 5.048774278015909 0)
(5.7352022434271 5.119946259292424 0)
(5.575891069998569 5.188231829986366 0)
(5.416579896570039 5.253743539732277 0)
(5.257268723141508 5.316583929256395 0)
(5.097957549712978 5.376846660295406 0)
(4.9386463762844475 5.434617482011602 0)
(4.779335202855917 5.489975061800934 0)
(4.620024029427386 5.542991702912785 0)
(4.460712855998856 5.59373396702753 0)
(4.301401682570326 5.64226321657798 0)
(4.142090509141795 5.6886360889385434 0)
(3.982779335713264 5.7329049124813585 0)
(3.8234681622847337 5.77511807279172 0)
(3.6641569888562024 5.8153203359550165 0)
(3.5048458154276725 5.8535531347047804 0)
(3.3455346419991416 5.889854822303018 0)
(3.186223468570611 5.924260898268564 0)
(3.026912295142081 5.95680420944447 0)
(2.86760112171355 5.9875151293763444 0)
(2.708289948285019 6.016421718539988 0)
(2.5489787748564883 6.043549867592925 0)
(2.389667601427959 6.068923425517828 0)
(2.2303564279994283 6.092564314266152 0)
(2.0710452545708966 6.114492631289493 0)
(1.9117340811423675 6.134726741157375 0)
(1.7524229077138367 6.153283357298203 0)
(1.593111734285305 6.170177614760249 0)
(1.433800560856774 6.185423134768361 0)
(1.274489387428245 6.199032081746361 0)
(1.1151782139997142 6.211015213382378 0)
(0.9558670405711824 6.221381924232578 0)
(0.7965558671426534 6.230140283285932 0)
(0.6372446937141225 6.237297065847526 0)
(0.47793352028559166 6.242857780038879 0)
(0.3186223468570617 6.246826688159961 0)
(0.15931117342853085 6.249206823107784 0)
(0 6.25 0)
)

polyLine 53 54 ((7.806247497997997 3.90625 1)
(7.646936324569467 4.0274626030221805 1)
(7.487625151140937 4.142739771086056 1)
(7.328313977712406 4.252564219278515 1)
(7.169002804283875 4.357348265079506 1)
(7.009691630855345 4.457447386481263 1)
(6.850380457426814 4.553170580953418 1)
(6.691069283998283 4.64478840327786 1)
(6.531758110569752 4.732539288705702 1)
(6.3724469371412225 4.816634588902859 1)
(6.213135763712692 4.897262627513612 1)
(6.053824590284162 4.974591999211735 1)
(5.894513416855631 5.048774278015909 1)
(5.7352022434271 5.119946259292424 1)
(5.575891069998569 5.188231829986366 1)
(5.416579896570039 5.253743539732277 1)
(5.257268723141508 5.316583929256395 1)
(5.097957549712978 5.376846660295406 1)
(4.9386463762844475 5.434617482011602 1)
(4.779335202855917 5.489975061800934 1)
(4.620024029427386 5.542991702912785 1)
(4.460712855998856 5.59373396702753 1)
(4.301401682570326 5.64226321657798 1)
(4.142090509141795 5.6886360889385434 1)
(3.982779335713264 5.7329049124813585 1)
(3.8234681622847337 5.77511807279172 1)
(3.6641569888562024 5.8153203359550165 1)
(3.5048458154276725 5.8535531347047804 1)
(3.3455346419991416 5.889854822303018 1)
(3.186223468570611 5.924260898268564 1)
(3.026912295142081 5.95680420944447 1)
(2.86760112171355 5.9875151293763444 1)
(2.708289948285019 6.016421718539988 1)
(2.5489787748564883 6.043549867592925 1)
(2.389667601427959 6.068923425517828 1)
(2.2303564279994283 6.092564314266152 1)
(2.0710452545708966 6.114492631289493 1)
(1.9117340811423675 6.134726741157375 1)
(1.7524229077138367 6.153283357298203 1)
(1.593111734285305 6.170177614760249 1)
(1.433800560856774 6.185423134768361 1)
(1.274489387428245 6.199032081746361 1)
(1.1151782139997142 6.211015213382378 1)
(0.9558670405711824 6.221381924232578 1)
(0.7965558671426534 6.230140283285932 1)
(0.6372446937141225 6.237297065847526 1)
(0.47793352028559166 6.242857780038879 1)
(0.3186223468570617 6.246826688159961 1)
(0.15931117342853085 6.249206823107784 1)
(0 6.25 1)
)

polyLine 22 23 ((0 6.25 0)
(-0.15931117342853057 6.249206823107784 0)
(-0.31862234685706115 6.246826688159961 0)
(-0.47793352028559166 6.242857780038879 0)
(-0.6372446937141223 6.237297065847526 0)
(-0.7965558671426529 6.230140283285932 0)
(-0.9558670405711833 6.221381924232578 0)
(-1.115178213999714 6.211015213382378 0)
(-1.2744893874282446 6.199032081746361 0)
(-1.4338005608567752 6.185423134768361 0)
(-1.5931117342853058 6.170177614760248 0)
(-1.752422907713836 6.153283357298203 0)
(-1.9117340811423666 6.134726741157375 0)
(-2.0710452545708975 6.114492631289493 0)
(-2.230356427999428 6.092564314266152 0)
(-2.3896676014279583 6.068923425517828 0)
(-2.548978774856489 6.043549867592925 0)
(-2.708289948285019 6.016421718539988 0)
(-2.8676011217135504 5.9875151293763444 0)
(-3.0269122951420804 5.95680420944447 0)
(-3.1862234685706117 5.924260898268564 0)
(-3.3455346419991416 5.889854822303018 0)
(-3.504845815427672 5.8535531347047804 0)
(-3.664156988856203 5.8153203359550165 0)
(-3.8234681622847333 5.77511807279172 0)
(-3.9827793357132637 5.732904912481359 0)
(-4.142090509141795 5.6886360889385434 0)
(-4.301401682570325 5.64226321657798 0)
(-4.460712855998856 5.59373396702753 0)
(-4.620024029427387 5.542991702912785 0)
(-4.779335202855917 5.489975061800934 0)
(-4.9386463762844475 5.434617482011602 0)
(-5.097957549712978 5.376846660295406 0)
(-5.257268723141509 5.316583929256394 0)
(-5.416579896570038 5.253743539732278 0)
(-5.575891069998569 5.188231829986366 0)
(-5.735202243427101 5.119946259292424 0)
(-5.89451341685563 5.048774278015909 0)
(-6.053824590284161 4.974591999211736 0)
(-6.2131357637126925 4.897262627513611 0)
(-6.372446937141223 4.816634588902859 0)
(-6.531758110569752 4.732539288705702 0)
(-6.691069283998283 4.64478840327786 0)
(-6.850380457426815 4.5531705809534175 0)
(-7.009691630855344 4.457447386481264 0)
(-7.169002804283875 4.357348265079506 0)
(-7.328313977712406 4.252564219278515 0)
(-7.487625151140936 4.142739771086057 0)
(-7.646936324569467 4.0274626030221805 0)
(-7.806247497997997 3.90625 0)
)

polyLine 54 55 ((0 6.25 1)
(-0.15931117342853057 6.249206823107784 1)
(-0.31862234685706115 6.246826688159961 1)
(-0.47793352028559166 6.242857780038879 1)
(-0.6372446937141223 6.237297065847526 1)
(-0.7965558671426529 6.230140283285932 1)
(-0.9558670405711833 6.221381924232578 1)
(-1.115178213999714 6.211015213382378 1)
(-1.2744893874282446 6.199032081746361 1)
(-1.4338005608567752 6.185423134768361 1)
(-1.5931117342853058 6.170177614760248 1)
(-1.752422907713836 6.153283357298203 1)
(-1.9117340811423666 6.134726741157375 1)
(-2.0710452545708975 6.114492631289493 1)
(-2.230356427999428 6.092564314266152 1)
(-2.3896676014279583 6.068923425517828 1)
(-2.548978774856489 6.043549867592925 1)
(-2.708289948285019 6.016421718539988 1)
(-2.8676011217135504 5.9875151293763444 1)
(-3.0269122951420804 5.95680420944447 1)
(-3.1862234685706117 5.924260898268564 1)
(-3.3455346419991416 5.889854822303018 1)
(-3.504845815427672 5.8535531347047804 1)
(-3.664156988856203 5.8153203359550165 1)
(-3.8234681622847333 5.77511807279172 1)
(-3.9827793357132637 5.732904912481359 1)
(-4.142090509141795 5.6886360889385434 1)
(-4.301401682570325 5.64226321657798 1)
(-4.460712855998856 5.59373396702753 1)
(-4.620024029427387 5.542991702912785 1)
(-4.779335202855917 5.489975061800934 1)
(-4.9386463762844475 5.434617482011602 1)
(-5.097957549712978 5.376846660295406 1)
(-5.257268723141509 5.316583929256394 1)
(-5.416579896570038 5.253743539732278 1)
(-5.575891069998569 5.188231829986366 1)
(-5.735202243427101 5.119946259292424 1)
(-5.89451341685563 5.048774278015909 1)
(-6.053824590284161 4.974591999211736 1)
(-6.2131357637126925 4.897262627513611 1)
(-6.372446937141223 4.816634588902859 1)
(-6.531758110569752 4.732539288705702 1)
(-6.691069283998283 4.64478840327786 1)
(-6.850380457426815 4.5531705809534175 1)
(-7.009691630855344 4.457447386481264 1)
(-7.169002804283875 4.357348265079506 1)
(-7.328313977712406 4.252564219278515 1)
(-7.487625151140936 4.142739771086057 1)
(-7.646936324569467 4.0274626030221805 1)
(-7.806247497997997 3.90625 1)
)

polyLine 23 16 ((-7.806247497997997 3.90625 0)
(-7.8510179572225285 3.871042184211013 0)
(-7.895788416447059 3.835307052708409 0)
(-7.94055887567159 3.7990297251194383 0)
(-7.98532933489612 3.7621945169408506 0)
(-8.03009979412065 3.724784877201776 0)
(-8.074870253345182 3.686783319742945 0)
(-8.119640712569712 3.6481713472932022 0)
(-8.164411171794242 3.6089293673969167 0)
(-8.209181631018774 3.5690365990952273 0)
(-8.253952090243304 3.52847096908492 0)
(-8.298722549467834 3.4872089958649504 0)
(-8.343493008692365 3.445225660124504 0)
(-8.388263467916897 3.4024942593179666 0)
(-8.433033927141427 3.358986243999169 0)
(-8.477804386365957 3.314671033033608 0)
(-8.522574845590489 3.269515804253137 0)
(-8.567345304815019 3.2234852564363505 0)
(-8.61211576403955 3.1765413376558658 0)
(-8.656886223264081 3.1286429339864 0)
(-8.701656682488611 3.0797455112560947 0)
(-8.746427141713141 3.029800700870212 0)
(-8.791197600937672 2.9787558186359804 0)
(-8.835968060162203 2.9265533028281396 0)
(-8.880738519386734 2.8731300542619733 0)
(-8.925508978611264 2.81841665661503 0)
(-8.970279437835794 2.7623364492833233 0)
(-9.015049897060326 2.7048044171373755 0)
(-9.059820356284856 2.645725850889517 0)
(-9.104590815509386 2.5849947172744416 0)
(-9.149361274733918 2.522491658218317 0)
(-9.194131733958448 2.458081510120798 0)
(-9.238902193182978 2.391610194447876 0)
(-9.283672652407509 2.3229007729881186 0)
(-9.32844311163204 2.251748375659033 0)
(-9.37321357085657 2.1779135796881213 0)
(-9.4179840300811 2.1011136192670015 0)
(-9.462754489305631 2.021010487038882 0)
(-9.507524948530163 1.937194467147147 0)
(-9.552295407754693 1.8491607516769395 0)
(-9.597065866979223 1.7562752161070445 0)
(-9.641836326203755 1.657722489156065 0)
(-9.686606785428285 1.552423632443234 0)
(-9.731377244652816 1.4388983582085386 0)
(-9.776147703877347 1.315017833762993 0)
(-9.820918163101878 1.177518317541911 0)
(-9.865688622326408 1.0209118181073606 0)
(-9.91045908155094 0.8345097720987597 0)
(-9.95522954077547 0.5907505787368329 0)
(-10 0 0)
)

polyLine 55 48 ((-7.806247497997997 3.90625 1)
(-7.8510179572225285 3.871042184211013 1)
(-7.895788416447059 3.835307052708409 1)
(-7.94055887567159 3.7990297251194383 1)
(-7.98532933489612 3.7621945169408506 1)
(-8.03009979412065 3.724784877201776 1)
(-8.074870253345182 3.686783319742945 1)
(-8.119640712569712 3.6481713472932022 1)
(-8.164411171794242 3.6089293673969167 1)
(-8.209181631018774 3.5690365990952273 1)
(-8.253952090243304 3.52847096908492 1)
(-8.298722549467834 3.4872089958649504 1)
(-8.343493008692365 3.445225660124504 1)
(-8.388263467916897 3.4024942593179666 1)
(-8.433033927141427 3.358986243999169 1)
(-8.477804386365957 3.314671033033608 1)
(-8.522574845590489 3.269515804253137 1)
(-8.567345304815019 3.2234852564363505 1)
(-8.61211576403955 3.1765413376558658 1)
(-8.656886223264081 3.1286429339864 1)
(-8.701656682488611 3.0797455112560947 1)
(-8.746427141713141 3.029800700870212 1)
(-8.791197600937672 2.9787558186359804 1)
(-8.835968060162203 2.9265533028281396 1)
(-8.880738519386734 2.8731300542619733 1)
(-8.925508978611264 2.81841665661503 1)
(-8.970279437835794 2.7623364492833233 1)
(-9.015049897060326 2.7048044171373755 1)
(-9.059820356284856 2.645725850889517 1)
(-9.104590815509386 2.5849947172744416 1)
(-9.149361274733918 2.522491658218317 1)
(-9.194131733958448 2.458081510120798 1)
(-9.238902193182978 2.391610194447876 1)
(-9.283672652407509 2.3229007729881186 1)
(-9.32844311163204 2.251748375659033 1)
(-9.37321357085657 2.1779135796881213 1)
(-9.4179840300811 2.1011136192670015 1)
(-9.462754489305631 2.021010487038882 1)
(-9.507524948530163 1.937194467147147 1)
(-9.552295407754693 1.8491607516769395 1)
(-9.597065866979223 1.7562752161070445 1)
(-9.641836326203755 1.657722489156065 1)
(-9.686606785428285 1.552423632443234 1)
(-9.731377244652816 1.4388983582085386 1)
(-9.776147703877347 1.315017833762993 1)
(-9.820918163101878 1.177518317541911 1)
(-9.865688622326408 1.0209118181073606 1)
(-9.91045908155094 0.8345097720987597 1)
(-9.95522954077547 0.5907505787368329 1)
(-10 0 1)
)

);


boundary
(
    
);