/*--------------------------------*- C++ -*----------------------------------*\
  =========                 |
  \\      /  F ield         | OpenFOAM: The Open Source CFD Toolbox
   \\    /   O peration     | Website:  https://openfoam.org
    \\  /    A nd           | Version:  10
     \\/     M anipulation  |
\*---------------------------------------------------------------------------*/
FoamFile
{
    format      ascii;
    class       faceList;
    location    "constant/polyMesh";
    object      faces;
}
// * * * * * * * * * * * * * * * * * * * * * * * * * * * * * * * * * * * * * //


476
(
4(1 6 21 16)
4(5 20 21 6)
4(2 7 22 17)
4(6 21 22 7)
4(3 8 23 18)
4(7 22 23 8)
4(8 23 24 9)
4(4 9 24 19)
4(6 11 26 21)
4(10 25 26 11)
4(7 12 27 22)
4(11 26 27 12)
4(8 13 28 23)
4(12 27 28 13)
4(9 14 29 24)
4(13 28 29 14)
4(30 32 38 36)
4(9 24 38 32)
4(32 38 39 33)
4(31 33 39 37)
4(32 34 40 38)
4(14 29 40 34)
4(33 35 41 39)
4(34 40 41 35)
4(42 44 50 48)
4(33 39 50 44)
4(44 50 51 45)
4(43 45 51 49)
4(44 46 52 50)
4(35 41 52 46)
4(45 47 53 51)
4(46 52 53 47)
4(54 58 70 66)
4(45 51 70 58)
4(55 59 71 67)
4(58 70 71 59)
4(56 60 72 68)
4(59 71 72 60)
4(60 72 73 61)
4(58 62 74 70)
4(47 53 74 62)
4(59 63 75 71)
4(62 74 75 63)
4(60 64 76 72)
4(63 75 76 64)
4(64 76 77 65)
4(62 79 89 74)
4(78 88 89 79)
4(47 53 88 78)
4(63 80 90 75)
4(79 89 90 80)
4(64 81 91 76)
4(80 90 91 81)
4(81 91 92 82)
4(79 84 94 89)
4(83 93 94 84)
4(78 88 93 83)
4(80 85 95 90)
4(84 94 95 85)
4(81 86 96 91)
4(85 95 96 86)
4(86 96 97 87)
4(84 99 109 94)
4(98 108 109 99)
4(83 93 108 98)
4(85 100 110 95)
4(99 109 110 100)
4(86 101 111 96)
4(100 110 111 101)
4(101 111 112 102)
4(99 104 114 109)
4(103 113 114 104)
4(98 108 113 103)
4(100 105 115 110)
4(104 114 115 105)
4(101 106 116 111)
4(105 115 116 106)
4(106 116 117 107)
4(104 119 129 114)
4(118 128 129 119)
4(103 113 128 118)
4(105 120 130 115)
4(119 129 130 120)
4(106 121 131 116)
4(120 130 131 121)
4(121 131 132 122)
4(119 124 134 129)
4(118 128 133 123)
4(120 125 135 130)
4(121 126 136 131)
4(139 141 147 145)
4(140 146 147 141)
4(138 144 146 140)
4(138 139 145 144)
4(141 147 128 118)
4(139 103 113 145)
4(141 143 149 147)
4(140 146 148 142)
4(151 153 159 157)
4(152 158 159 153)
4(150 156 158 152)
4(150 151 157 156)
4(153 159 146 140)
4(151 138 144 157)
4(153 155 161 159)
4(152 158 160 154)
4(163 167 179 175)
4(166 178 179 167)
4(162 163 175 174)
4(164 168 180 176)
4(167 179 180 168)
4(163 164 176 175)
4(165 169 181 177)
4(168 180 181 169)
4(164 165 177 176)
4(169 181 158 152)
4(165 150 156 177)
4(167 171 183 179)
4(168 172 184 180)
4(169 173 185 181)
4(187 192 202 197)
4(191 201 202 192)
4(186 187 197 196)
4(188 193 203 198)
4(192 202 203 193)
4(187 188 198 197)
4(189 194 204 199)
4(193 203 204 194)
4(188 189 199 198)
4(194 204 205 195)
4(189 190 200 199)
4(190 195 205 200)
4(192 163 175 202)
4(193 164 176 203)
4(194 165 177 204)
4(195 150 156 205)
4(11 207 212 26)
4(206 211 212 207)
4(12 208 213 27)
4(207 212 213 208)
4(13 209 214 28)
4(208 213 214 209)
4(209 214 215 210)
4(14 210 215 29)
4(207 187 197 212)
4(208 188 198 213)
4(209 189 199 214)
4(210 190 200 215)
4(210 217 223 215)
4(216 222 223 217)
4(190 200 222 216)
4(217 223 224 218)
4(14 218 224 29)
4(217 220 226 223)
4(216 222 225 219)
4(218 221 227 224)
4(34 228 232 40)
4(218 224 232 228)
4(228 232 233 229)
4(35 229 233 41)
4(228 230 234 232)
4(229 231 235 233)
4(46 236 240 52)
4(229 233 240 236)
4(236 240 241 237)
4(47 237 241 53)
4(236 238 242 240)
4(237 239 243 241)
4(78 244 248 88)
4(237 241 248 244)
4(244 248 249 245)
4(83 245 249 93)
4(244 246 250 248)
4(245 247 251 249)
4(245 253 257 249)
4(252 256 257 253)
4(253 257 108 98)
4(253 255 259 257)
4(254 258 259 255)
4(255 259 113 103)
4(261 263 267 265)
4(262 266 267 263)
4(260 264 266 262)
4(263 267 259 255)
4(263 139 145 267)
4(262 266 144 138)
4(269 271 275 273)
4(270 274 275 271)
4(268 272 274 270)
4(271 275 266 262)
4(271 151 157 275)
4(270 274 156 150)
4(276 277 279 278)
4(216 222 279 277)
4(277 279 274 270)
4(277 195 205 279)
4(0 15 20 5)
4(5 20 25 10)
4(0 1 16 15)
4(1 2 17 16)
4(2 3 18 17)
4(3 4 19 18)
4(0 5 6 1)
4(5 10 11 6)
4(1 6 7 2)
4(6 11 12 7)
4(2 7 8 3)
4(7 12 13 8)
4(3 8 9 4)
4(8 13 14 9)
4(15 16 21 20)
4(20 21 26 25)
4(16 17 22 21)
4(21 22 27 26)
4(17 18 23 22)
4(22 23 28 27)
4(18 19 24 23)
4(23 24 29 28)
4(4 30 36 19)
4(30 31 37 36)
4(4 9 32 30)
4(9 14 34 32)
4(30 32 33 31)
4(32 34 35 33)
4(19 36 38 24)
4(24 38 40 29)
4(36 37 39 38)
4(38 39 41 40)
4(31 42 48 37)
4(42 43 49 48)
4(31 33 44 42)
4(33 35 46 44)
4(42 44 45 43)
4(44 46 47 45)
4(37 48 50 39)
4(39 50 52 41)
4(48 49 51 50)
4(50 51 53 52)
4(57 61 73 69)
4(61 65 77 73)
4(43 54 66 49)
4(54 55 67 66)
4(55 56 68 67)
4(56 57 69 68)
4(43 45 58 54)
4(45 47 62 58)
4(54 58 59 55)
4(58 62 63 59)
4(55 59 60 56)
4(59 63 64 60)
4(56 60 61 57)
4(60 64 65 61)
4(49 66 70 51)
4(51 70 74 53)
4(66 67 71 70)
4(70 71 75 74)
4(67 68 72 71)
4(71 72 76 75)
4(68 69 73 72)
4(72 73 77 76)
4(65 82 92 77)
4(82 87 97 92)
4(47 78 79 62)
4(78 83 84 79)
4(62 79 80 63)
4(79 84 85 80)
4(63 80 81 64)
4(80 85 86 81)
4(64 81 82 65)
4(81 86 87 82)
4(53 74 89 88)
4(88 89 94 93)
4(74 75 90 89)
4(89 90 95 94)
4(75 76 91 90)
4(90 91 96 95)
4(76 77 92 91)
4(91 92 97 96)
4(87 102 112 97)
4(102 107 117 112)
4(83 98 99 84)
4(98 103 104 99)
4(84 99 100 85)
4(99 104 105 100)
4(85 100 101 86)
4(100 105 106 101)
4(86 101 102 87)
4(101 106 107 102)
4(93 94 109 108)
4(108 109 114 113)
4(94 95 110 109)
4(109 110 115 114)
4(95 96 111 110)
4(110 111 116 115)
4(96 97 112 111)
4(111 112 117 116)
4(107 122 132 117)
4(122 127 137 132)
4(123 133 134 124)
4(124 134 135 125)
4(125 135 136 126)
4(126 136 137 127)
4(103 118 119 104)
4(118 123 124 119)
4(104 119 120 105)
4(119 124 125 120)
4(105 120 121 106)
4(120 125 126 121)
4(106 121 122 107)
4(121 126 127 122)
4(113 114 129 128)
4(128 129 134 133)
4(114 115 130 129)
4(129 130 135 134)
4(115 116 131 130)
4(130 131 136 135)
4(116 117 132 131)
4(131 132 137 136)
4(142 148 149 143)
4(143 149 133 123)
4(138 140 141 139)
4(140 142 143 141)
4(139 141 118 103)
4(141 143 123 118)
4(144 145 147 146)
4(146 147 149 148)
4(145 113 128 147)
4(147 128 133 149)
4(154 160 161 155)
4(155 161 148 142)
4(150 152 153 151)
4(152 154 155 153)
4(151 153 140 138)
4(153 155 142 140)
4(156 157 159 158)
4(158 159 161 160)
4(157 144 146 159)
4(159 146 148 161)
4(162 174 178 166)
4(166 178 182 170)
4(170 182 183 171)
4(171 183 184 172)
4(172 184 185 173)
4(173 185 160 154)
4(162 166 167 163)
4(166 170 171 167)
4(163 167 168 164)
4(167 171 172 168)
4(164 168 169 165)
4(168 172 173 169)
4(165 169 152 150)
4(169 173 154 152)
4(174 175 179 178)
4(178 179 183 182)
4(175 176 180 179)
4(179 180 184 183)
4(176 177 181 180)
4(180 181 185 184)
4(177 156 158 181)
4(181 158 160 185)
4(186 196 201 191)
4(191 201 174 162)
4(186 191 192 187)
4(191 162 163 192)
4(187 192 193 188)
4(192 163 164 193)
4(188 193 194 189)
4(193 164 165 194)
4(189 194 195 190)
4(194 165 150 195)
4(196 197 202 201)
4(201 202 175 174)
4(197 198 203 202)
4(202 203 176 175)
4(198 199 204 203)
4(203 204 177 176)
4(199 200 205 204)
4(204 205 156 177)
4(10 25 211 206)
4(206 211 196 186)
4(10 206 207 11)
4(206 186 187 207)
4(11 207 208 12)
4(207 187 188 208)
4(12 208 209 13)
4(208 188 189 209)
4(13 209 210 14)
4(209 189 190 210)
4(25 26 212 211)
4(211 212 197 196)
4(26 27 213 212)
4(212 213 198 197)
4(27 28 214 213)
4(213 214 199 198)
4(28 29 215 214)
4(214 215 200 199)
4(219 225 226 220)
4(220 226 227 221)
4(190 216 217 210)
4(216 219 220 217)
4(210 217 218 14)
4(217 220 221 218)
4(200 215 223 222)
4(222 223 226 225)
4(215 29 224 223)
4(223 224 227 226)
4(221 227 234 230)
4(230 234 235 231)
4(14 218 228 34)
4(218 221 230 228)
4(34 228 229 35)
4(228 230 231 229)
4(29 40 232 224)
4(224 232 234 227)
4(40 41 233 232)
4(232 233 235 234)
4(231 235 242 238)
4(238 242 243 239)
4(35 229 236 46)
4(229 231 238 236)
4(46 236 237 47)
4(236 238 239 237)
4(41 52 240 233)
4(233 240 242 235)
4(52 53 241 240)
4(240 241 243 242)
4(239 243 250 246)
4(246 250 251 247)
4(47 237 244 78)
4(237 239 246 244)
4(78 244 245 83)
4(244 246 247 245)
4(53 88 248 241)
4(241 248 250 243)
4(88 93 249 248)
4(248 249 251 250)
4(247 251 256 252)
4(252 256 258 254)
4(247 252 253 245)
4(252 254 255 253)
4(245 253 98 83)
4(253 255 103 98)
4(251 249 257 256)
4(256 257 259 258)
4(249 93 108 257)
4(257 108 113 259)
4(260 261 265 264)
4(261 254 258 265)
4(260 262 263 261)
4(262 138 139 263)
4(261 263 255 254)
4(263 139 103 255)
4(264 265 267 266)
4(266 267 145 144)
4(265 258 259 267)
4(267 259 113 145)
4(268 269 273 272)
4(269 260 264 273)
4(268 270 271 269)
4(270 150 151 271)
4(269 271 262 260)
4(271 151 138 262)
4(272 273 275 274)
4(274 275 157 156)
4(273 264 266 275)
4(275 266 144 157)
4(219 276 278 225)
4(276 268 272 278)
4(219 216 277 276)
4(216 190 195 277)
4(276 277 270 268)
4(277 195 150 270)
4(225 278 279 222)
4(222 279 205 200)
4(278 272 274 279)
4(279 274 156 205)
)


// ************************************************************************* //
