/*--------------------------------*- C++ -*----------------------------------*\
  =========                 |
  \\      /  F ield         | OpenFOAM: The Open Source CFD Toolbox
   \\    /   O peration     | Website:  https://openfoam.org
    \\  /    A nd           | Version:  10
     \\/     M anipulation  |
\*---------------------------------------------------------------------------*/
FoamFile
{
    format      ascii;
    class       labelList;
    note        "nPoints: 280 nCells: 112 nFaces: 476 nInternalFaces: 196";
    location    "constant/polyMesh";
    object      owner;
}
// * * * * * * * * * * * * * * * * * * * * * * * * * * * * * * * * * * * * * //


476
(
0
0
1
1
2
2
3
3
4
4
5
5
6
6
7
7
8
8
9
9
10
10
11
11
12
12
13
13
14
14
15
15
16
16
17
17
18
18
19
20
20
21
21
22
22
23
24
24
24
25
25
26
26
27
28
28
28
29
29
30
30
31
32
32
32
33
33
34
34
35
36
36
36
37
37
38
38
39
40
40
40
41
41
42
42
43
44
44
45
46
48
48
48
48
49
49
50
50
52
52
52
52
53
53
54
54
56
56
56
57
57
57
58
58
58
59
59
60
61
62
64
64
64
65
65
65
66
66
66
67
67
67
68
69
70
71
72
72
73
73
74
74
75
75
76
77
78
79
80
80
80
81
81
82
82
83
84
84
85
85
86
87
88
88
89
89
90
91
92
92
93
93
94
95
96
96
97
98
98
99
100
100
100
101
102
102
104
104
104
105
106
106
108
108
109
110
0
4
0
1
2
3
0
4
1
5
2
6
3
7
0
4
1
5
2
6
3
7
8
9
8
10
9
11
8
10
9
11
12
13
12
14
13
15
12
14
13
15
19
23
16
17
18
19
16
20
17
21
18
22
19
23
16
20
17
21
18
22
19
23
27
31
24
28
25
29
26
30
27
31
24
28
25
29
26
30
27
31
35
39
32
36
33
37
34
38
35
39
32
36
33
37
34
38
35
39
43
47
44
45
46
47
40
44
41
45
42
46
43
47
40
44
41
45
42
46
43
47
50
51
48
50
49
51
48
50
49
51
54
55
52
54
53
55
52
54
53
55
56
60
60
61
62
63
56
60
57
61
58
62
59
63
56
60
57
61
58
62
59
63
64
68
64
68
65
69
66
70
67
71
64
68
65
69
66
70
67
71
72
76
72
76
73
77
74
78
75
79
72
76
73
77
74
78
75
79
82
83
80
82
81
83
80
82
81
83
86
87
84
86
85
87
84
86
85
87
90
91
88
90
89
91
88
90
89
91
94
95
92
94
93
95
92
94
93
95
96
98
96
98
97
99
96
98
97
99
100
101
100
102
101
103
100
102
101
103
104
105
104
106
105
107
104
106
105
107
108
109
108
110
109
111
108
110
109
111
)


// ************************************************************************* //
