/*--------------------------------*- C++ -*----------------------------------*\
  =========                 |
  \\      /  F ield         | OpenFOAM: The Open Source CFD Toolbox
   \\    /   O peration     | Website:  https://openfoam.org
    \\  /    A nd           | Version:  10
     \\/     M anipulation  |
\*---------------------------------------------------------------------------*/
FoamFile
{
    format      ascii;
    class       vectorField;
    location    "constant/polyMesh";
    object      points;
}
// * * * * * * * * * * * * * * * * * * * * * * * * * * * * * * * * * * * * * //


280
(
(-200 -100 0)
(-151.9515 -100 0)
(-103.903 -100 0)
(-55.8545 -100 0)
(-7.806 -100 0)
(-200 -51.955 0)
(-151.9515 -51.955 0)
(-103.903 -51.955 0)
(-55.8545 -51.955 0)
(-7.806 -51.955 0)
(-200 -3.91 0)
(-151.9515 -3.91 0)
(-103.903 -3.91 0)
(-55.8545 -3.91 0)
(-7.806 -3.91 0)
(-200 -100 1)
(-151.9515 -100 1)
(-103.903 -100 1)
(-55.8545 -100 1)
(-7.806 -100 1)
(-200 -51.955 1)
(-151.9515 -51.955 1)
(-103.903 -51.955 1)
(-55.8545 -51.955 1)
(-7.806 -51.955 1)
(-200 -3.91 1)
(-151.9515 -3.91 1)
(-103.903 -3.91 1)
(-55.8545 -3.91 1)
(-7.806 -3.91 1)
(-3.903 -100 0)
(0 -100 0)
(-4.000889676 -52.85033562 0)
(0 -53.125 0)
(-4.098779351 -5.70067124 0)
(0 -6.25 0)
(-3.903 -100 1)
(0 -100 1)
(-4.000889676 -52.85033562 1)
(0 -53.125 1)
(-4.098779351 -5.70067124 1)
(0 -6.25 1)
(3.903 -100 0)
(7.806 -100 0)
(4.000889676 -52.85033562 0)
(7.806 -51.955 0)
(4.098779351 -5.70067124 0)
(7.806 -3.91 0)
(3.903 -100 1)
(7.806 -100 1)
(4.000889676 -52.85033562 1)
(7.806 -51.955 1)
(4.098779351 -5.70067124 1)
(7.806 -3.91 1)
(55.8545 -100 0)
(103.903 -100 0)
(151.9515 -100 0)
(200 -100 0)
(55.8545 -51.955 0)
(103.903 -51.955 0)
(151.9515 -51.955 0)
(200 -51.955 0)
(55.8545 -3.91 0)
(103.903 -3.91 0)
(151.9515 -3.91 0)
(200 -3.91 0)
(55.8545 -100 1)
(103.903 -100 1)
(151.9515 -100 1)
(200 -100 1)
(55.8545 -51.955 1)
(103.903 -51.955 1)
(151.9515 -51.955 1)
(200 -51.955 1)
(55.8545 -3.91 1)
(103.903 -3.91 1)
(151.9515 -3.91 1)
(200 -3.91 1)
(9.358536955 -2.202118044 0)
(57.01890272 -2.140338533 0)
(104.6792685 -2.078559022 0)
(152.3396342 -2.016779511 0)
(200 -1.955 0)
(10 0 0)
(57.5 0 0)
(105 0 0)
(152.5 0 0)
(200 0 0)
(9.358536955 -2.202118044 1)
(57.01890272 -2.140338533 1)
(104.6792685 -2.078559022 1)
(152.3396342 -2.016779511 1)
(200 -1.955 1)
(10 0 1)
(57.5 0 1)
(105 0 1)
(152.5 0 1)
(200 0 1)
(9.358536955 2.202118044 0)
(57.01890272 2.140338533 0)
(104.6792685 2.078559022 0)
(152.3396342 2.016779511 0)
(200 1.955 0)
(7.806 3.91 0)
(55.8545 3.91 0)
(103.903 3.91 0)
(151.9515 3.91 0)
(200 3.91 0)
(9.358536955 2.202118044 1)
(57.01890272 2.140338533 1)
(104.6792685 2.078559022 1)
(152.3396342 2.016779511 1)
(200 1.955 1)
(7.806 3.91 1)
(55.8545 3.91 1)
(103.903 3.91 1)
(151.9515 3.91 1)
(200 3.91 1)
(7.806 51.955 0)
(55.8545 51.955 0)
(103.903 51.955 0)
(151.9515 51.955 0)
(200 51.955 0)
(7.806 100 0)
(55.8545 100 0)
(103.903 100 0)
(151.9515 100 0)
(200 100 0)
(7.806 51.955 1)
(55.8545 51.955 1)
(103.903 51.955 1)
(151.9515 51.955 1)
(200 51.955 1)
(7.806 100 1)
(55.8545 100 1)
(103.903 100 1)
(151.9515 100 1)
(200 100 1)
(0 6.25 0)
(4.098779351 5.70067124 0)
(0 53.125 0)
(4.000889676 52.85033562 0)
(0 100 0)
(3.903 100 0)
(0 6.25 1)
(4.098779351 5.70067124 1)
(0 53.125 1)
(4.000889676 52.85033562 1)
(0 100 1)
(3.903 100 1)
(-7.806 3.91 0)
(-4.098779351 5.70067124 0)
(-7.806 51.955 0)
(-4.000889676 52.85033562 0)
(-7.806 100 0)
(-3.903 100 0)
(-7.806 3.91 1)
(-4.098779351 5.70067124 1)
(-7.806 51.955 1)
(-4.000889676 52.85033562 1)
(-7.806 100 1)
(-3.903 100 1)
(-200 3.91 0)
(-151.9515 3.91 0)
(-103.903 3.91 0)
(-55.8545 3.91 0)
(-200 51.955 0)
(-151.9515 51.955 0)
(-103.903 51.955 0)
(-55.8545 51.955 0)
(-200 100 0)
(-151.9515 100 0)
(-103.903 100 0)
(-55.8545 100 0)
(-200 3.91 1)
(-151.9515 3.91 1)
(-103.903 3.91 1)
(-55.8545 3.91 1)
(-200 51.955 1)
(-151.9515 51.955 1)
(-103.903 51.955 1)
(-55.8545 51.955 1)
(-200 100 1)
(-151.9515 100 1)
(-103.903 100 1)
(-55.8545 100 1)
(-200 0 0)
(-152.5 0 0)
(-105 0 0)
(-57.5 0 0)
(-10 0 0)
(-200 1.955 0)
(-152.3396342 2.016779511 0)
(-104.6792685 2.078559022 0)
(-57.01890272 2.140338533 0)
(-9.358536955 2.202118044 0)
(-200 0 1)
(-152.5 0 1)
(-105 0 1)
(-57.5 0 1)
(-10 0 1)
(-200 1.955 1)
(-152.3396342 2.016779511 1)
(-104.6792685 2.078559022 1)
(-57.01890272 2.140338533 1)
(-9.358536955 2.202118044 1)
(-200 -1.955 0)
(-152.3396342 -2.016779511 0)
(-104.6792685 -2.078559022 0)
(-57.01890272 -2.140338533 0)
(-9.358536955 -2.202118044 0)
(-200 -1.955 1)
(-152.3396342 -2.016779511 1)
(-104.6792685 -2.078559022 1)
(-57.01890272 -2.140338533 1)
(-9.358536955 -2.202118044 1)
(-9 0 0)
(-8.422424861 -1.982332386 0)
(-7.0255 -3.52 0)
(-8 0 0)
(-7.486312767 -1.762546729 0)
(-6.245 -3.13 0)
(-9 0 1)
(-8.422424861 -1.982332386 1)
(-7.0255 -3.52 1)
(-8 0 1)
(-7.486312767 -1.762546729 1)
(-6.245 -3.13 1)
(-3.689381591 -5.130470687 0)
(0 -5.625 0)
(-3.27998383 -4.560270133 0)
(0 -5 0)
(-3.689381591 -5.130470687 1)
(0 -5.625 1)
(-3.27998383 -4.560270133 1)
(0 -5 1)
(3.689381591 -5.130470687 0)
(7.0255 -3.52 0)
(3.27998383 -4.560270133 0)
(6.245 -3.13 0)
(3.689381591 -5.130470687 1)
(7.0255 -3.52 1)
(3.27998383 -4.560270133 1)
(6.245 -3.13 1)
(8.422424861 -1.982332386 0)
(9 0 0)
(7.486312767 -1.762546729 0)
(8 0 0)
(8.422424861 -1.982332386 1)
(9 0 1)
(7.486312767 -1.762546729 1)
(8 0 1)
(7.486312767 1.762546729 0)
(8.422424861 1.982332386 0)
(6.245 3.13 0)
(7.0255 3.52 0)
(7.486312767 1.762546729 1)
(8.422424861 1.982332386 1)
(6.245 3.13 1)
(7.0255 3.52 1)
(0 5 0)
(3.27998383 4.560270133 0)
(0 5.625 0)
(3.689381591 5.130470687 0)
(0 5 1)
(3.27998383 4.560270133 1)
(0 5.625 1)
(3.689381591 5.130470687 1)
(-6.245 3.13 0)
(-3.27998383 4.560270133 0)
(-7.0255 3.52 0)
(-3.689381591 5.130470687 0)
(-6.245 3.13 1)
(-3.27998383 4.560270133 1)
(-7.0255 3.52 1)
(-3.689381591 5.130470687 1)
(-7.486312767 1.762546729 0)
(-8.422424861 1.982332386 0)
(-7.486312767 1.762546729 1)
(-8.422424861 1.982332386 1)
)


// ************************************************************************* //
