
/*--------------------------------*- C++ -*----------------------------------*\
  =========                 |
  \      /  F ield         | OpenFOAM: The Open Source CFD Toolbox
   \    /   O peration     | Website:  https://openfoam.org
    \  /    A nd           | Version:  10
     \/     M anipulation  |
\*---------------------------------------------------------------------------*/
FoamFile
{
    format      ascii;
    class       dictionary;
    object      blockMeshDict;
}
// * * * * * * * * * * * * * * * * * * * * * * * * * * * * * * * * * * * * * // 


convertToMeters 1;
vertices ( 

(-200 -100 0)      ////0
(-78.062 -100 0)   ////1
(0 -100 0)         ////2
(78.062 -100 0)    ////3
(200 -100 0)       ////4
(200 -39.06 0)     ////5
(200 0 0)          ////6
(200 39.06 0)      ////7
(200 100 0)        ////8
(78.062 100 0)     ////9
(0 100 0)          ////10
(-78.062 100 0)    ////11
(-200 100 0)       ////12
(-200 39.06 0)     ////13
(-200 0 0)         ////14
(-200 -39.06 0)    ////15
(-100 0 0)         ////16
(-78.062 -39.06 0) ////17
(0 -62.5 0)        ////18
(78.062 -39.06 0)  ////19
(100 0 0)          ////20
(78.062 39.06 0)   ////21
(0 62.5 0)         ////22
(-78.062 39.06 0)  ////23
(-80 0 0)          ////24
(-62.45 -31.25 0)  ////25
(0 -50 0)          ////26
(62.45 -31.25 0)   ////27
(80 0 0)           ////28
(62.45 31.25 0)    ////29
(0 50 0)           ////30
(-62.45 31.25 0)   ////31


(-200 -100 1)      ////32
(-78.062 -100 1)   ////33
(0 -100 1)         ////34
(78.062 -100 1)    ////35
(200 -100 1)       ////36
(200 -39.06 1)     ////37
(200 0 1)          ////38
(200 39.06 1)      ////39
(200 100 1)        ////40
(78.062 100 1)     ////41
(0 100 1)          ////42
(-78.062 100 1)    ////43
(-200 100 1)       ////44
(-200 39.06 1)     ////45
(-200 0 1)         ////46
(-200 -39.06 1)    ////47
(-100 0 1)         ////48
(-78.062 -39.06 1) ////49
(0 -62.5 1)        ////50
(78.062 -39.06 1)  ////51
(100 0 1)          ////52
(78.062 39.06 1)   ////53
(0 62.5 1)         ////54
(-78.062 39.06 1)  ////55
(-80 0 1)          ////56
(-62.45 -31.25 1)  ////57
(0 -50 1)          ////58
(62.45 -31.25 1)   ////59
(80 0 1)           ////60
(62.45 31.25 1)    ////61
(0 50 1)           ////62
(-62.45 31.25 1)   ////63


); 

blocks  ( 

hex (0  1  17  15  32  33  49  47) (14 7 1) simpleGrading (1 1 1)      // Block Number 0

hex (1  2  18  17  33  34  50  49) (7 7 1) simpleGrading (1 1 1)       // Block Number 1

hex (2  3  19  18  34  35  51  50) (7 7 1) simpleGrading (1 1 1)       // Block Number 2

hex (3  4  5  19  35  36  37  51) (14 7 1) simpleGrading (1 1 1)       // Block Number 3

hex (19  5  6  20  51  37  38  52) (14 7 1) simpleGrading (1 1 1)      // Block Number 4

hex (20  6  7  21  52  38  39  53) (14 7 1) simpleGrading (1 1 1)      // Block Number 5

hex (21  7  8  9  53  39  40  41) (14 7 1) simpleGrading (1 1 1)       // Block Number 6

hex (22  21  9  10  54  53  41  42) (7 7 1) simpleGrading (1 1 1)      // Block Number 7

hex (23  22  10  11  55  54  42  43) (7 7 1) simpleGrading (1 1 1)     // Block Number 8

hex (13  23  11  12  45  55  43  44) (14 7 1) simpleGrading (1 1 1)    // Block Number 9

hex (14  16  23  13  46  48  55  45) (14 7 1) simpleGrading (1 1 1)    // Block Number 10

hex (15  17  16  14  47  49  48  46) (14 7 1) simpleGrading (1 1 1)    // Block Number 11

hex (16  17  25  24  48  49  57  56) (7 7 1) simpleGrading (1 1 1)     // Block Number 12

hex (17  18  26  25  49  50  58  57) (7 7 1) simpleGrading (1 1 1)     // Block Number 13

hex (18  19  27  26  50  51  59  58) (7 7 1) simpleGrading (1 1 1)     // Block Number 14

hex (19  20  28  27  51  52  60  59) (7 7 1) simpleGrading (1 1 1)     // Block Number 15

hex (28  20  21  29  60  52  53  61) (7 7 1) simpleGrading (1 1 1)     // Block Number 16

hex (30  29  21  22  62  61  53  54) (7 7 1) simpleGrading (1 1 1)     // Block Number 17

hex (31  30  22  23  63  62  54  55) (7 7 1) simpleGrading (1 1 1)     // Block Number 18

hex (24  31  23  16  56  63  55  48) (7 7 1) simpleGrading (1 1 1)     // Block Number 19

);

edges (

polyLine 24 25 ((-80 0 0)
(-79.64183632620376 -4.726004629894663 0)
(-79.2836726524075 -6.676078176790111 0)
(-78.92550897861126 -8.167294544858885 0)
(-78.56734530481502 -9.420146540335288 0)
(-78.20918163101878 -10.520142670103944 0)
(-77.85101795722252 -11.511186865668309 0)
(-77.49285428342628 -12.419389059545871 0)
(-77.13469060963004 -13.26177991324852 0)
(-76.77652693583379 -14.050201728856356 0)
(-76.41836326203754 -14.793286013415516 0)
(-76.0601995882413 -15.497555737177176 0)
(-75.70203591444506 -16.16808389631103 0)
(-75.3438722406488 -16.80890895413601 0)
(-74.98570856685257 -17.42330863750497 0)
(-74.62754489305632 -18.013987005272263 0)
(-74.26938121926007 -18.58320618390495 0)
(-73.91121754546383 -19.13288155558301 0)
(-73.55305387166759 -19.664652080966384 0)
(-73.19489019787133 -20.179933265746545 0)
(-72.83672652407509 -20.679957738195533 0)
(-72.47856285027885 -21.165806807116137 0)
(-72.12039917648261 -21.638435337099004 0)
(-71.76223550268635 -22.098691594266587 0)
(-71.40407182889011 -22.54733325292024 0)
(-71.04590815509387 -22.985040434095787 0)
(-70.68774448129763 -23.412426422625117 0)
(-70.32958080750137 -23.830046549087843 0)
(-69.97141713370513 -24.238405606961695 0)
(-69.61325345990889 -24.637964090048758 0)
(-69.25508978611263 -25.029143471891217 0)
(-68.8969261123164 -25.412330701246926 0)
(-68.53876243852015 -25.787882051490804 0)
(-68.18059876472391 -26.156126434025097 0)
(-67.82243509092766 -26.517368264268864 0)
(-67.46427141713141 -26.871889951993353 0)
(-67.10610774333517 -27.219954074543733 0)
(-66.74794406953893 -27.56180528099602 0)
(-66.38978039574268 -27.897671966919603 0)
(-66.03161672194643 -28.22776775267936 0)
(-65.6734530481502 -28.55229279276182 0)
(-65.31528937435394 -28.871434939175334 0)
(-64.9571257005577 -29.185370778345618 0)
(-64.59896202676146 -29.49426655794356 0)
(-64.2407983529652 -29.79827901761421 0)
(-63.88263467916896 -30.097556135526805 0)
(-63.52447100537272 -30.392237800955506 0)
(-63.16630733157647 -30.682456421667272 0)
(-62.80814365778022 -30.968337473688113 0)
(-62.44997998398398 -31.25 0)
)

polyLine 56 57 ((-80 0 1)
(-79.64183632620376 -4.726004629894663 1)
(-79.2836726524075 -6.676078176790111 1)
(-78.92550897861126 -8.167294544858885 1)
(-78.56734530481502 -9.420146540335288 1)
(-78.20918163101878 -10.520142670103944 1)
(-77.85101795722252 -11.511186865668309 1)
(-77.49285428342628 -12.419389059545871 1)
(-77.13469060963004 -13.26177991324852 1)
(-76.77652693583379 -14.050201728856356 1)
(-76.41836326203754 -14.793286013415516 1)
(-76.0601995882413 -15.497555737177176 1)
(-75.70203591444506 -16.16808389631103 1)
(-75.3438722406488 -16.80890895413601 1)
(-74.98570856685257 -17.42330863750497 1)
(-74.62754489305632 -18.013987005272263 1)
(-74.26938121926007 -18.58320618390495 1)
(-73.91121754546383 -19.13288155558301 1)
(-73.55305387166759 -19.664652080966384 1)
(-73.19489019787133 -20.179933265746545 1)
(-72.83672652407509 -20.679957738195533 1)
(-72.47856285027885 -21.165806807116137 1)
(-72.12039917648261 -21.638435337099004 1)
(-71.76223550268635 -22.098691594266587 1)
(-71.40407182889011 -22.54733325292024 1)
(-71.04590815509387 -22.985040434095787 1)
(-70.68774448129763 -23.412426422625117 1)
(-70.32958080750137 -23.830046549087843 1)
(-69.97141713370513 -24.238405606961695 1)
(-69.61325345990889 -24.637964090048758 1)
(-69.25508978611263 -25.029143471891217 1)
(-68.8969261123164 -25.412330701246926 1)
(-68.53876243852015 -25.787882051490804 1)
(-68.18059876472391 -26.156126434025097 1)
(-67.82243509092766 -26.517368264268864 1)
(-67.46427141713141 -26.871889951993353 1)
(-67.10610774333517 -27.219954074543733 1)
(-66.74794406953893 -27.56180528099602 1)
(-66.38978039574268 -27.897671966919603 1)
(-66.03161672194643 -28.22776775267936 1)
(-65.6734530481502 -28.55229279276182 1)
(-65.31528937435394 -28.871434939175334 1)
(-64.9571257005577 -29.185370778345618 1)
(-64.59896202676146 -29.49426655794356 1)
(-64.2407983529652 -29.79827901761421 1)
(-63.88263467916896 -30.097556135526805 1)
(-63.52447100537272 -30.392237800955506 1)
(-63.16630733157647 -30.682456421667272 1)
(-62.80814365778022 -30.968337473688113 1)
(-62.44997998398398 -31.25 1)
)

polyLine 25 26 ((-62.44997998398398 -31.25 0)
(-61.17549059655573 -32.219700824177444 0)
(-59.90100120912749 -33.14191816868845 0)
(-58.626511821699246 -34.02051375422812 0)
(-57.352022434271 -34.85878612063605 0)
(-56.07753304684276 -35.659579091850105 0)
(-54.80304365941451 -36.42536464762735 0)
(-53.528554271986266 -37.15830722622288 0)
(-52.25406488455802 -37.86031430964562 0)
(-50.97957549712978 -38.53307671122287 0)
(-49.70508610970153 -39.1781010201089 0)
(-48.43059672227329 -39.79673599369388 0)
(-47.156107334845046 -40.39019422412727 0)
(-45.8816179474168 -40.95957007433939 0)
(-44.60712855998855 -41.50585463989093 0)
(-43.33263917256031 -42.029948317858214 0)
(-42.058149785132066 -42.53267143405116 0)
(-40.78366039770383 -43.01477328236325 0)
(-39.50917101027558 -43.47693985609282 0)
(-38.23468162284733 -43.919800494407475 0)
(-36.960192235419086 -44.34393362330228 0)
(-35.68570284799085 -44.74987173622024 0)
(-34.41121346056261 -45.13810573262384 0)
(-33.13672407313436 -45.50908871150835 0)
(-31.862234685706113 -45.86323929985087 0)
(-30.58774529827787 -46.20094458233376 0)
(-29.31325591084962 -46.52256268764013 0)
(-28.03876652342138 -46.828425077638244 0)
(-26.764277135993133 -47.118838578424146 0)
(-25.489787748564886 -47.39408718614851 0)
(-24.215298361136647 -47.65443367555576 0)
(-22.9408089737084 -47.900121035010756 0)
(-21.666319586280153 -48.1313737483199 0)
(-20.391830198851906 -48.3483989407434 0)
(-19.117340811423674 -48.55138740414262 0)
(-17.842851423995427 -48.74051451412922 0)
(-16.568362036567173 -48.91594105031594 0)
(-15.29387264913894 -49.077813929259 0)
(-14.019383261710693 -49.22626685838562 0)
(-12.74489387428244 -49.36142091808199 0)
(-11.470404486854193 -49.48338507814689 0)
(-10.19591509942596 -49.592256653970885 0)
(-8.921425711997713 -49.688121707059025 0)
(-7.6469363245694595 -49.77105539386062 0)
(-6.372446937141227 -49.84112226628746 0)
(-5.09795754971298 -49.89837652678021 0)
(-3.8234681622847333 -49.94286224031103 0)
(-2.5489787748564936 -49.974613505279684 0)
(-1.2744893874282468 -49.99365458486227 0)
(0 -50 0)
)

polyLine 57 58 ((-62.44997998398398 -31.25 1)
(-61.17549059655573 -32.219700824177444 1)
(-59.90100120912749 -33.14191816868845 1)
(-58.626511821699246 -34.02051375422812 1)
(-57.352022434271 -34.85878612063605 1)
(-56.07753304684276 -35.659579091850105 1)
(-54.80304365941451 -36.42536464762735 1)
(-53.528554271986266 -37.15830722622288 1)
(-52.25406488455802 -37.86031430964562 1)
(-50.97957549712978 -38.53307671122287 1)
(-49.70508610970153 -39.1781010201089 1)
(-48.43059672227329 -39.79673599369388 1)
(-47.156107334845046 -40.39019422412727 1)
(-45.8816179474168 -40.95957007433939 1)
(-44.60712855998855 -41.50585463989093 1)
(-43.33263917256031 -42.029948317858214 1)
(-42.058149785132066 -42.53267143405116 1)
(-40.78366039770383 -43.01477328236325 1)
(-39.50917101027558 -43.47693985609282 1)
(-38.23468162284733 -43.919800494407475 1)
(-36.960192235419086 -44.34393362330228 1)
(-35.68570284799085 -44.74987173622024 1)
(-34.41121346056261 -45.13810573262384 1)
(-33.13672407313436 -45.50908871150835 1)
(-31.862234685706113 -45.86323929985087 1)
(-30.58774529827787 -46.20094458233376 1)
(-29.31325591084962 -46.52256268764013 1)
(-28.03876652342138 -46.828425077638244 1)
(-26.764277135993133 -47.118838578424146 1)
(-25.489787748564886 -47.39408718614851 1)
(-24.215298361136647 -47.65443367555576 1)
(-22.9408089737084 -47.900121035010756 1)
(-21.666319586280153 -48.1313737483199 1)
(-20.391830198851906 -48.3483989407434 1)
(-19.117340811423674 -48.55138740414262 1)
(-17.842851423995427 -48.74051451412922 1)
(-16.568362036567173 -48.91594105031594 1)
(-15.29387264913894 -49.077813929259 1)
(-14.019383261710693 -49.22626685838562 1)
(-12.74489387428244 -49.36142091808199 1)
(-11.470404486854193 -49.48338507814689 1)
(-10.19591509942596 -49.592256653970885 1)
(-8.921425711997713 -49.688121707059025 1)
(-7.6469363245694595 -49.77105539386062 1)
(-6.372446937141227 -49.84112226628746 1)
(-5.09795754971298 -49.89837652678021 1)
(-3.8234681622847333 -49.94286224031103 1)
(-2.5489787748564936 -49.974613505279684 1)
(-1.2744893874282468 -49.99365458486227 1)
(0 -50 1)
)

polyLine 26 27 ((0 -50 0)
(1.2744893874282446 -49.99365458486227 0)
(2.548978774856489 -49.974613505279684 0)
(3.8234681622847333 -49.94286224031103 0)
(5.097957549712978 -49.89837652678021 0)
(6.372446937141223 -49.84112226628746 0)
(7.646936324569467 -49.77105539386062 0)
(8.921425711997712 -49.688121707059025 0)
(10.195915099425957 -49.592256653970885 0)
(11.470404486854202 -49.48338507814689 0)
(12.744893874282447 -49.36142091808198 0)
(14.019383261710688 -49.22626685838562 0)
(15.293872649138933 -49.077813929259 0)
(16.56836203656718 -48.91594105031594 0)
(17.842851423995423 -48.74051451412922 0)
(19.117340811423666 -48.55138740414262 0)
(20.391830198851913 -48.3483989407434 0)
(21.666319586280153 -48.1313737483199 0)
(22.940808973708403 -47.900121035010756 0)
(24.215298361136643 -47.65443367555576 0)
(25.489787748564893 -47.39408718614851 0)
(26.764277135993133 -47.118838578424146 0)
(28.038766523421376 -46.828425077638244 0)
(29.313255910849623 -46.52256268764013 0)
(30.587745298277866 -46.20094458233376 0)
(31.86223468570611 -45.863239299850875 0)
(33.13672407313436 -45.50908871150835 0)
(34.4112134605626 -45.13810573262384 0)
(35.68570284799085 -44.74987173622024 0)
(36.96019223541909 -44.34393362330228 0)
(38.23468162284733 -43.919800494407475 0)
(39.50917101027558 -43.47693985609282 0)
(40.78366039770383 -43.01477328236325 0)
(42.05814978513207 -42.53267143405115 0)
(43.332639172560306 -42.02994831785822 0)
(44.60712855998855 -41.50585463989093 0)
(45.88161794741681 -40.95957007433939 0)
(47.15610733484504 -40.39019422412727 0)
(48.430596722273286 -39.796735993693886 0)
(49.70508610970154 -39.17810102010889 0)
(50.97957549712979 -38.53307671122287 0)
(52.25406488455802 -37.86031430964562 0)
(53.528554271986266 -37.15830722622288 0)
(54.80304365941452 -36.42536464762734 0)
(56.07753304684275 -35.65957909185011 0)
(57.352022434271 -34.85878612063605 0)
(58.626511821699246 -34.02051375422812 0)
(59.901001209127486 -33.141918168688456 0)
(61.17549059655573 -32.219700824177444 0)
(62.44997998398398 -31.25 0)
)

polyLine 58 59 ((0 -50 1)
(1.2744893874282446 -49.99365458486227 1)
(2.548978774856489 -49.974613505279684 1)
(3.8234681622847333 -49.94286224031103 1)
(5.097957549712978 -49.89837652678021 1)
(6.372446937141223 -49.84112226628746 1)
(7.646936324569467 -49.77105539386062 1)
(8.921425711997712 -49.688121707059025 1)
(10.195915099425957 -49.592256653970885 1)
(11.470404486854202 -49.48338507814689 1)
(12.744893874282447 -49.36142091808198 1)
(14.019383261710688 -49.22626685838562 1)
(15.293872649138933 -49.077813929259 1)
(16.56836203656718 -48.91594105031594 1)
(17.842851423995423 -48.74051451412922 1)
(19.117340811423666 -48.55138740414262 1)
(20.391830198851913 -48.3483989407434 1)
(21.666319586280153 -48.1313737483199 1)
(22.940808973708403 -47.900121035010756 1)
(24.215298361136643 -47.65443367555576 1)
(25.489787748564893 -47.39408718614851 1)
(26.764277135993133 -47.118838578424146 1)
(28.038766523421376 -46.828425077638244 1)
(29.313255910849623 -46.52256268764013 1)
(30.587745298277866 -46.20094458233376 1)
(31.86223468570611 -45.863239299850875 1)
(33.13672407313436 -45.50908871150835 1)
(34.4112134605626 -45.13810573262384 1)
(35.68570284799085 -44.74987173622024 1)
(36.96019223541909 -44.34393362330228 1)
(38.23468162284733 -43.919800494407475 1)
(39.50917101027558 -43.47693985609282 1)
(40.78366039770383 -43.01477328236325 1)
(42.05814978513207 -42.53267143405115 1)
(43.332639172560306 -42.02994831785822 1)
(44.60712855998855 -41.50585463989093 1)
(45.88161794741681 -40.95957007433939 1)
(47.15610733484504 -40.39019422412727 1)
(48.430596722273286 -39.796735993693886 1)
(49.70508610970154 -39.17810102010889 1)
(50.97957549712979 -38.53307671122287 1)
(52.25406488455802 -37.86031430964562 1)
(53.528554271986266 -37.15830722622288 1)
(54.80304365941452 -36.42536464762734 1)
(56.07753304684275 -35.65957909185011 1)
(57.352022434271 -34.85878612063605 1)
(58.626511821699246 -34.02051375422812 1)
(59.901001209127486 -33.141918168688456 1)
(61.17549059655573 -32.219700824177444 1)
(62.44997998398398 -31.25 1)
)

polyLine 27 28 ((62.44997998398398 -31.25 0)
(62.80814365778023 -30.968337473688106 0)
(63.16630733157647 -30.682456421667272 0)
(63.52447100537272 -30.392237800955506 0)
(63.88263467916896 -30.097556135526805 0)
(64.2407983529652 -29.79827901761421 0)
(64.59896202676146 -29.49426655794356 0)
(64.9571257005577 -29.185370778345618 0)
(65.31528937435394 -28.871434939175334 0)
(65.6734530481502 -28.55229279276182 0)
(66.03161672194643 -28.22776775267936 0)
(66.38978039574268 -27.897671966919603 0)
(66.74794406953892 -27.561805280996033 0)
(67.10610774333517 -27.219954074543733 0)
(67.46427141713141 -26.871889951993353 0)
(67.82243509092766 -26.517368264268864 0)
(68.18059876472391 -26.156126434025097 0)
(68.53876243852015 -25.787882051490804 0)
(68.8969261123164 -25.412330701246926 0)
(69.25508978611265 -25.0291434718912 0)
(69.61325345990889 -24.637964090048758 0)
(69.97141713370513 -24.238405606961695 0)
(70.32958080750137 -23.830046549087843 0)
(70.68774448129763 -23.412426422625117 0)
(71.04590815509387 -22.985040434095787 0)
(71.40407182889011 -22.54733325292024 0)
(71.76223550268635 -22.098691594266587 0)
(72.12039917648261 -21.638435337099004 0)
(72.47856285027885 -21.165806807116137 0)
(72.83672652407509 -20.679957738195533 0)
(73.19489019787135 -20.179933265746534 0)
(73.55305387166759 -19.664652080966384 0)
(73.91121754546383 -19.13288155558301 0)
(74.26938121926007 -18.58320618390495 0)
(74.62754489305632 -18.013987005272263 0)
(74.98570856685257 -17.42330863750497 0)
(75.3438722406488 -16.80890895413601 0)
(75.70203591444505 -16.168083896311057 0)
(76.0601995882413 -15.497555737177176 0)
(76.41836326203754 -14.793286013415516 0)
(76.77652693583379 -14.050201728856356 0)
(77.13469060963004 -13.26177991324852 0)
(77.49285428342628 -12.419389059545871 0)
(77.85101795722252 -11.511186865668309 0)
(78.20918163101878 -10.520142670103944 0)
(78.56734530481502 -9.420146540335288 0)
(78.92550897861126 -8.167294544858885 0)
(79.28367265240752 -6.676078176790077 0)
(79.64183632620376 -4.726004629894663 0)
(80 0 0)
)

polyLine 59 60 ((62.44997998398398 -31.25 1)
(62.80814365778023 -30.968337473688106 1)
(63.16630733157647 -30.682456421667272 1)
(63.52447100537272 -30.392237800955506 1)
(63.88263467916896 -30.097556135526805 1)
(64.2407983529652 -29.79827901761421 1)
(64.59896202676146 -29.49426655794356 1)
(64.9571257005577 -29.185370778345618 1)
(65.31528937435394 -28.871434939175334 1)
(65.6734530481502 -28.55229279276182 1)
(66.03161672194643 -28.22776775267936 1)
(66.38978039574268 -27.897671966919603 1)
(66.74794406953892 -27.561805280996033 1)
(67.10610774333517 -27.219954074543733 1)
(67.46427141713141 -26.871889951993353 1)
(67.82243509092766 -26.517368264268864 1)
(68.18059876472391 -26.156126434025097 1)
(68.53876243852015 -25.787882051490804 1)
(68.8969261123164 -25.412330701246926 1)
(69.25508978611265 -25.0291434718912 1)
(69.61325345990889 -24.637964090048758 1)
(69.97141713370513 -24.238405606961695 1)
(70.32958080750137 -23.830046549087843 1)
(70.68774448129763 -23.412426422625117 1)
(71.04590815509387 -22.985040434095787 1)
(71.40407182889011 -22.54733325292024 1)
(71.76223550268635 -22.098691594266587 1)
(72.12039917648261 -21.638435337099004 1)
(72.47856285027885 -21.165806807116137 1)
(72.83672652407509 -20.679957738195533 1)
(73.19489019787135 -20.179933265746534 1)
(73.55305387166759 -19.664652080966384 1)
(73.91121754546383 -19.13288155558301 1)
(74.26938121926007 -18.58320618390495 1)
(74.62754489305632 -18.013987005272263 1)
(74.98570856685257 -17.42330863750497 1)
(75.3438722406488 -16.80890895413601 1)
(75.70203591444505 -16.168083896311057 1)
(76.0601995882413 -15.497555737177176 1)
(76.41836326203754 -14.793286013415516 1)
(76.77652693583379 -14.050201728856356 1)
(77.13469060963004 -13.26177991324852 1)
(77.49285428342628 -12.419389059545871 1)
(77.85101795722252 -11.511186865668309 1)
(78.20918163101878 -10.520142670103944 1)
(78.56734530481502 -9.420146540335288 1)
(78.92550897861126 -8.167294544858885 1)
(79.28367265240752 -6.676078176790077 1)
(79.64183632620376 -4.726004629894663 1)
(80 0 1)
)

polyLine 28 29 ((80 0 0)
(79.64183632620376 4.726004629894663 0)
(79.2836726524075 6.676078176790111 0)
(78.92550897861126 8.167294544858885 0)
(78.56734530481502 9.420146540335288 0)
(78.20918163101878 10.520142670103944 0)
(77.85101795722252 11.511186865668309 0)
(77.49285428342628 12.419389059545871 0)
(77.13469060963004 13.26177991324852 0)
(76.77652693583379 14.050201728856356 0)
(76.41836326203754 14.793286013415516 0)
(76.0601995882413 15.497555737177176 0)
(75.70203591444506 16.16808389631103 0)
(75.3438722406488 16.80890895413601 0)
(74.98570856685257 17.42330863750497 0)
(74.62754489305632 18.013987005272263 0)
(74.26938121926007 18.58320618390495 0)
(73.91121754546383 19.13288155558301 0)
(73.55305387166759 19.664652080966384 0)
(73.19489019787133 20.179933265746545 0)
(72.83672652407509 20.679957738195533 0)
(72.47856285027885 21.165806807116137 0)
(72.12039917648261 21.638435337099004 0)
(71.76223550268635 22.098691594266587 0)
(71.40407182889011 22.54733325292024 0)
(71.04590815509387 22.985040434095787 0)
(70.68774448129763 23.412426422625117 0)
(70.32958080750137 23.830046549087843 0)
(69.97141713370513 24.238405606961695 0)
(69.61325345990889 24.637964090048758 0)
(69.25508978611263 25.029143471891217 0)
(68.8969261123164 25.412330701246926 0)
(68.53876243852015 25.787882051490804 0)
(68.18059876472391 26.156126434025097 0)
(67.82243509092766 26.517368264268864 0)
(67.46427141713141 26.871889951993353 0)
(67.10610774333517 27.219954074543733 0)
(66.74794406953893 27.56180528099602 0)
(66.38978039574268 27.897671966919603 0)
(66.03161672194643 28.22776775267936 0)
(65.6734530481502 28.55229279276182 0)
(65.31528937435394 28.871434939175334 0)
(64.9571257005577 29.185370778345618 0)
(64.59896202676146 29.49426655794356 0)
(64.2407983529652 29.79827901761421 0)
(63.88263467916896 30.097556135526805 0)
(63.52447100537272 30.392237800955506 0)
(63.16630733157647 30.682456421667272 0)
(62.80814365778022 30.968337473688113 0)
(62.44997998398398 31.25 0)
)

polyLine 60 61 ((80 0 1)
(79.64183632620376 4.726004629894663 1)
(79.2836726524075 6.676078176790111 1)
(78.92550897861126 8.167294544858885 1)
(78.56734530481502 9.420146540335288 1)
(78.20918163101878 10.520142670103944 1)
(77.85101795722252 11.511186865668309 1)
(77.49285428342628 12.419389059545871 1)
(77.13469060963004 13.26177991324852 1)
(76.77652693583379 14.050201728856356 1)
(76.41836326203754 14.793286013415516 1)
(76.0601995882413 15.497555737177176 1)
(75.70203591444506 16.16808389631103 1)
(75.3438722406488 16.80890895413601 1)
(74.98570856685257 17.42330863750497 1)
(74.62754489305632 18.013987005272263 1)
(74.26938121926007 18.58320618390495 1)
(73.91121754546383 19.13288155558301 1)
(73.55305387166759 19.664652080966384 1)
(73.19489019787133 20.179933265746545 1)
(72.83672652407509 20.679957738195533 1)
(72.47856285027885 21.165806807116137 1)
(72.12039917648261 21.638435337099004 1)
(71.76223550268635 22.098691594266587 1)
(71.40407182889011 22.54733325292024 1)
(71.04590815509387 22.985040434095787 1)
(70.68774448129763 23.412426422625117 1)
(70.32958080750137 23.830046549087843 1)
(69.97141713370513 24.238405606961695 1)
(69.61325345990889 24.637964090048758 1)
(69.25508978611263 25.029143471891217 1)
(68.8969261123164 25.412330701246926 1)
(68.53876243852015 25.787882051490804 1)
(68.18059876472391 26.156126434025097 1)
(67.82243509092766 26.517368264268864 1)
(67.46427141713141 26.871889951993353 1)
(67.10610774333517 27.219954074543733 1)
(66.74794406953893 27.56180528099602 1)
(66.38978039574268 27.897671966919603 1)
(66.03161672194643 28.22776775267936 1)
(65.6734530481502 28.55229279276182 1)
(65.31528937435394 28.871434939175334 1)
(64.9571257005577 29.185370778345618 1)
(64.59896202676146 29.49426655794356 1)
(64.2407983529652 29.79827901761421 1)
(63.88263467916896 30.097556135526805 1)
(63.52447100537272 30.392237800955506 1)
(63.16630733157647 30.682456421667272 1)
(62.80814365778022 30.968337473688113 1)
(62.44997998398398 31.25 1)
)

polyLine 29 30 ((62.44997998398398 31.25 0)
(61.17549059655573 32.219700824177444 0)
(59.90100120912749 33.14191816868845 0)
(58.626511821699246 34.02051375422812 0)
(57.352022434271 34.85878612063605 0)
(56.07753304684276 35.659579091850105 0)
(54.80304365941451 36.42536464762735 0)
(53.528554271986266 37.15830722622288 0)
(52.25406488455802 37.86031430964562 0)
(50.97957549712978 38.53307671122287 0)
(49.70508610970153 39.1781010201089 0)
(48.43059672227329 39.79673599369388 0)
(47.156107334845046 40.39019422412727 0)
(45.8816179474168 40.95957007433939 0)
(44.60712855998855 41.50585463989093 0)
(43.33263917256031 42.029948317858214 0)
(42.058149785132066 42.53267143405116 0)
(40.78366039770383 43.01477328236325 0)
(39.50917101027558 43.47693985609282 0)
(38.23468162284733 43.919800494407475 0)
(36.960192235419086 44.34393362330228 0)
(35.68570284799085 44.74987173622024 0)
(34.41121346056261 45.13810573262384 0)
(33.13672407313436 45.50908871150835 0)
(31.862234685706113 45.86323929985087 0)
(30.58774529827787 46.20094458233376 0)
(29.31325591084962 46.52256268764013 0)
(28.03876652342138 46.828425077638244 0)
(26.764277135993133 47.118838578424146 0)
(25.489787748564886 47.39408718614851 0)
(24.215298361136647 47.65443367555576 0)
(22.9408089737084 47.900121035010756 0)
(21.666319586280153 48.1313737483199 0)
(20.391830198851906 48.3483989407434 0)
(19.117340811423674 48.55138740414262 0)
(17.842851423995427 48.74051451412922 0)
(16.568362036567173 48.91594105031594 0)
(15.29387264913894 49.077813929259 0)
(14.019383261710693 49.22626685838562 0)
(12.74489387428244 49.36142091808199 0)
(11.470404486854193 49.48338507814689 0)
(10.19591509942596 49.592256653970885 0)
(8.921425711997713 49.688121707059025 0)
(7.6469363245694595 49.77105539386062 0)
(6.372446937141227 49.84112226628746 0)
(5.09795754971298 49.89837652678021 0)
(3.8234681622847333 49.94286224031103 0)
(2.5489787748564936 49.974613505279684 0)
(1.2744893874282468 49.99365458486227 0)
(0 50 0)
)

polyLine 61 62 ((62.44997998398398 31.25 1)
(61.17549059655573 32.219700824177444 1)
(59.90100120912749 33.14191816868845 1)
(58.626511821699246 34.02051375422812 1)
(57.352022434271 34.85878612063605 1)
(56.07753304684276 35.659579091850105 1)
(54.80304365941451 36.42536464762735 1)
(53.528554271986266 37.15830722622288 1)
(52.25406488455802 37.86031430964562 1)
(50.97957549712978 38.53307671122287 1)
(49.70508610970153 39.1781010201089 1)
(48.43059672227329 39.79673599369388 1)
(47.156107334845046 40.39019422412727 1)
(45.8816179474168 40.95957007433939 1)
(44.60712855998855 41.50585463989093 1)
(43.33263917256031 42.029948317858214 1)
(42.058149785132066 42.53267143405116 1)
(40.78366039770383 43.01477328236325 1)
(39.50917101027558 43.47693985609282 1)
(38.23468162284733 43.919800494407475 1)
(36.960192235419086 44.34393362330228 1)
(35.68570284799085 44.74987173622024 1)
(34.41121346056261 45.13810573262384 1)
(33.13672407313436 45.50908871150835 1)
(31.862234685706113 45.86323929985087 1)
(30.58774529827787 46.20094458233376 1)
(29.31325591084962 46.52256268764013 1)
(28.03876652342138 46.828425077638244 1)
(26.764277135993133 47.118838578424146 1)
(25.489787748564886 47.39408718614851 1)
(24.215298361136647 47.65443367555576 1)
(22.9408089737084 47.900121035010756 1)
(21.666319586280153 48.1313737483199 1)
(20.391830198851906 48.3483989407434 1)
(19.117340811423674 48.55138740414262 1)
(17.842851423995427 48.74051451412922 1)
(16.568362036567173 48.91594105031594 1)
(15.29387264913894 49.077813929259 1)
(14.019383261710693 49.22626685838562 1)
(12.74489387428244 49.36142091808199 1)
(11.470404486854193 49.48338507814689 1)
(10.19591509942596 49.592256653970885 1)
(8.921425711997713 49.688121707059025 1)
(7.6469363245694595 49.77105539386062 1)
(6.372446937141227 49.84112226628746 1)
(5.09795754971298 49.89837652678021 1)
(3.8234681622847333 49.94286224031103 1)
(2.5489787748564936 49.974613505279684 1)
(1.2744893874282468 49.99365458486227 1)
(0 50 1)
)

polyLine 30 31 ((0 50 0)
(-1.2744893874282446 49.99365458486227 0)
(-2.548978774856489 49.974613505279684 0)
(-3.8234681622847333 49.94286224031103 0)
(-5.097957549712978 49.89837652678021 0)
(-6.372446937141223 49.84112226628746 0)
(-7.646936324569467 49.77105539386062 0)
(-8.921425711997712 49.688121707059025 0)
(-10.195915099425957 49.592256653970885 0)
(-11.470404486854202 49.48338507814689 0)
(-12.744893874282447 49.36142091808198 0)
(-14.019383261710688 49.22626685838562 0)
(-15.293872649138933 49.077813929259 0)
(-16.56836203656718 48.91594105031594 0)
(-17.842851423995423 48.74051451412922 0)
(-19.117340811423666 48.55138740414262 0)
(-20.391830198851913 48.3483989407434 0)
(-21.666319586280153 48.1313737483199 0)
(-22.940808973708403 47.900121035010756 0)
(-24.215298361136643 47.65443367555576 0)
(-25.489787748564893 47.39408718614851 0)
(-26.764277135993133 47.118838578424146 0)
(-28.038766523421376 46.828425077638244 0)
(-29.313255910849623 46.52256268764013 0)
(-30.587745298277866 46.20094458233376 0)
(-31.86223468570611 45.863239299850875 0)
(-33.13672407313436 45.50908871150835 0)
(-34.4112134605626 45.13810573262384 0)
(-35.68570284799085 44.74987173622024 0)
(-36.96019223541909 44.34393362330228 0)
(-38.23468162284733 43.919800494407475 0)
(-39.50917101027558 43.47693985609282 0)
(-40.78366039770383 43.01477328236325 0)
(-42.05814978513207 42.53267143405115 0)
(-43.332639172560306 42.02994831785822 0)
(-44.60712855998855 41.50585463989093 0)
(-45.88161794741681 40.95957007433939 0)
(-47.15610733484504 40.39019422412727 0)
(-48.430596722273286 39.796735993693886 0)
(-49.70508610970154 39.17810102010889 0)
(-50.97957549712979 38.53307671122287 0)
(-52.25406488455802 37.86031430964562 0)
(-53.528554271986266 37.15830722622288 0)
(-54.80304365941452 36.42536464762734 0)
(-56.07753304684275 35.65957909185011 0)
(-57.352022434271 34.85878612063605 0)
(-58.626511821699246 34.02051375422812 0)
(-59.901001209127486 33.141918168688456 0)
(-61.17549059655573 32.219700824177444 0)
(-62.44997998398398 31.25 0)
)

polyLine 62 63 ((0 50 1)
(-1.2744893874282446 49.99365458486227 1)
(-2.548978774856489 49.974613505279684 1)
(-3.8234681622847333 49.94286224031103 1)
(-5.097957549712978 49.89837652678021 1)
(-6.372446937141223 49.84112226628746 1)
(-7.646936324569467 49.77105539386062 1)
(-8.921425711997712 49.688121707059025 1)
(-10.195915099425957 49.592256653970885 1)
(-11.470404486854202 49.48338507814689 1)
(-12.744893874282447 49.36142091808198 1)
(-14.019383261710688 49.22626685838562 1)
(-15.293872649138933 49.077813929259 1)
(-16.56836203656718 48.91594105031594 1)
(-17.842851423995423 48.74051451412922 1)
(-19.117340811423666 48.55138740414262 1)
(-20.391830198851913 48.3483989407434 1)
(-21.666319586280153 48.1313737483199 1)
(-22.940808973708403 47.900121035010756 1)
(-24.215298361136643 47.65443367555576 1)
(-25.489787748564893 47.39408718614851 1)
(-26.764277135993133 47.118838578424146 1)
(-28.038766523421376 46.828425077638244 1)
(-29.313255910849623 46.52256268764013 1)
(-30.587745298277866 46.20094458233376 1)
(-31.86223468570611 45.863239299850875 1)
(-33.13672407313436 45.50908871150835 1)
(-34.4112134605626 45.13810573262384 1)
(-35.68570284799085 44.74987173622024 1)
(-36.96019223541909 44.34393362330228 1)
(-38.23468162284733 43.919800494407475 1)
(-39.50917101027558 43.47693985609282 1)
(-40.78366039770383 43.01477328236325 1)
(-42.05814978513207 42.53267143405115 1)
(-43.332639172560306 42.02994831785822 1)
(-44.60712855998855 41.50585463989093 1)
(-45.88161794741681 40.95957007433939 1)
(-47.15610733484504 40.39019422412727 1)
(-48.430596722273286 39.796735993693886 1)
(-49.70508610970154 39.17810102010889 1)
(-50.97957549712979 38.53307671122287 1)
(-52.25406488455802 37.86031430964562 1)
(-53.528554271986266 37.15830722622288 1)
(-54.80304365941452 36.42536464762734 1)
(-56.07753304684275 35.65957909185011 1)
(-57.352022434271 34.85878612063605 1)
(-58.626511821699246 34.02051375422812 1)
(-59.901001209127486 33.141918168688456 1)
(-61.17549059655573 32.219700824177444 1)
(-62.44997998398398 31.25 1)
)

polyLine 31 24 ((-62.44997998398398 31.25 0)
(-62.80814365778023 30.968337473688106 0)
(-63.16630733157647 30.682456421667272 0)
(-63.52447100537272 30.392237800955506 0)
(-63.88263467916896 30.097556135526805 0)
(-64.2407983529652 29.79827901761421 0)
(-64.59896202676146 29.49426655794356 0)
(-64.9571257005577 29.185370778345618 0)
(-65.31528937435394 28.871434939175334 0)
(-65.6734530481502 28.55229279276182 0)
(-66.03161672194643 28.22776775267936 0)
(-66.38978039574268 27.897671966919603 0)
(-66.74794406953892 27.561805280996033 0)
(-67.10610774333517 27.219954074543733 0)
(-67.46427141713141 26.871889951993353 0)
(-67.82243509092766 26.517368264268864 0)
(-68.18059876472391 26.156126434025097 0)
(-68.53876243852015 25.787882051490804 0)
(-68.8969261123164 25.412330701246926 0)
(-69.25508978611265 25.0291434718912 0)
(-69.61325345990889 24.637964090048758 0)
(-69.97141713370513 24.238405606961695 0)
(-70.32958080750137 23.830046549087843 0)
(-70.68774448129763 23.412426422625117 0)
(-71.04590815509387 22.985040434095787 0)
(-71.40407182889011 22.54733325292024 0)
(-71.76223550268635 22.098691594266587 0)
(-72.12039917648261 21.638435337099004 0)
(-72.47856285027885 21.165806807116137 0)
(-72.83672652407509 20.679957738195533 0)
(-73.19489019787135 20.179933265746534 0)
(-73.55305387166759 19.664652080966384 0)
(-73.91121754546383 19.13288155558301 0)
(-74.26938121926007 18.58320618390495 0)
(-74.62754489305632 18.013987005272263 0)
(-74.98570856685257 17.42330863750497 0)
(-75.3438722406488 16.80890895413601 0)
(-75.70203591444505 16.168083896311057 0)
(-76.0601995882413 15.497555737177176 0)
(-76.41836326203754 14.793286013415516 0)
(-76.77652693583379 14.050201728856356 0)
(-77.13469060963004 13.26177991324852 0)
(-77.49285428342628 12.419389059545871 0)
(-77.85101795722252 11.511186865668309 0)
(-78.20918163101878 10.520142670103944 0)
(-78.56734530481502 9.420146540335288 0)
(-78.92550897861126 8.167294544858885 0)
(-79.28367265240752 6.676078176790077 0)
(-79.64183632620376 4.726004629894663 0)
(-80 0 0)
)

polyLine 63 56 ((-62.44997998398398 31.25 1)
(-62.80814365778023 30.968337473688106 1)
(-63.16630733157647 30.682456421667272 1)
(-63.52447100537272 30.392237800955506 1)
(-63.88263467916896 30.097556135526805 1)
(-64.2407983529652 29.79827901761421 1)
(-64.59896202676146 29.49426655794356 1)
(-64.9571257005577 29.185370778345618 1)
(-65.31528937435394 28.871434939175334 1)
(-65.6734530481502 28.55229279276182 1)
(-66.03161672194643 28.22776775267936 1)
(-66.38978039574268 27.897671966919603 1)
(-66.74794406953892 27.561805280996033 1)
(-67.10610774333517 27.219954074543733 1)
(-67.46427141713141 26.871889951993353 1)
(-67.82243509092766 26.517368264268864 1)
(-68.18059876472391 26.156126434025097 1)
(-68.53876243852015 25.787882051490804 1)
(-68.8969261123164 25.412330701246926 1)
(-69.25508978611265 25.0291434718912 1)
(-69.61325345990889 24.637964090048758 1)
(-69.97141713370513 24.238405606961695 1)
(-70.32958080750137 23.830046549087843 1)
(-70.68774448129763 23.412426422625117 1)
(-71.04590815509387 22.985040434095787 1)
(-71.40407182889011 22.54733325292024 1)
(-71.76223550268635 22.098691594266587 1)
(-72.12039917648261 21.638435337099004 1)
(-72.47856285027885 21.165806807116137 1)
(-72.83672652407509 20.679957738195533 1)
(-73.19489019787135 20.179933265746534 1)
(-73.55305387166759 19.664652080966384 1)
(-73.91121754546383 19.13288155558301 1)
(-74.26938121926007 18.58320618390495 1)
(-74.62754489305632 18.013987005272263 1)
(-74.98570856685257 17.42330863750497 1)
(-75.3438722406488 16.80890895413601 1)
(-75.70203591444505 16.168083896311057 1)
(-76.0601995882413 15.497555737177176 1)
(-76.41836326203754 14.793286013415516 1)
(-76.77652693583379 14.050201728856356 1)
(-77.13469060963004 13.26177991324852 1)
(-77.49285428342628 12.419389059545871 1)
(-77.85101795722252 11.511186865668309 1)
(-78.20918163101878 10.520142670103944 1)
(-78.56734530481502 9.420146540335288 1)
(-78.92550897861126 8.167294544858885 1)
(-79.28367265240752 6.676078176790077 1)
(-79.64183632620376 4.726004629894663 1)
(-80 0 1)
)

polyLine 16 17 ((-100 0 0)
(-99.5522954077547 -5.907505787368304 0)
(-99.10459081550938 -8.345097720987633 0)
(-98.65688622326408 -10.209118181073578 0)
(-98.20918163101878 -11.775183175419125 0)
(-97.76147703877346 -13.15017833762996 0)
(-97.31377244652816 -14.388983582085359 0)
(-96.86606785428286 -15.524236324432316 0)
(-96.41836326203754 -16.57722489156065 0)
(-95.97065866979224 -17.562752161070424 0)
(-95.52295407754693 -18.491607516769392 0)
(-95.07524948530163 -19.37194467147148 0)
(-94.62754489305632 -20.210104870388815 0)
(-94.17984030081101 -21.011136192670012 0)
(-93.7321357085657 -21.779135796881206 0)
(-93.2844311163204 -22.517483756590345 0)
(-92.83672652407509 -23.229007729881182 0)
(-92.38902193182979 -23.916101944478754 0)
(-91.94131733958449 -24.580815101207968 0)
(-91.49361274733917 -25.22491658218317 0)
(-91.04590815509387 -25.849947172744415 0)
(-90.59820356284857 -26.457258508895162 0)
(-90.15049897060325 -27.048044171373764 0)
(-89.70279437835795 -27.623364492833225 0)
(-89.25508978611265 -28.184166566150285 0)
(-88.80738519386733 -28.731300542619742 0)
(-88.35968060162203 -29.265533028281403 0)
(-87.91197600937673 -29.787558186359778 0)
(-87.46427141713141 -30.298007008702125 0)
(-87.01656682488611 -30.797455112560957 0)
(-86.56886223264081 -31.286429339863993 0)
(-86.1211576403955 -31.765413376558666 0)
(-85.6734530481502 -32.23485256436349 0)
(-85.22574845590489 -32.69515804253136 0)
(-84.77804386365958 -33.14671033033608 0)
(-84.33033927141427 -33.58986243999168 0)
(-83.88263467916897 -34.02494259317967 0)
(-83.43493008692366 -34.45225660124503 0)
(-82.98722549467836 -34.872089958649504 0)
(-82.53952090243305 -35.28470969084919 0)
(-82.09181631018774 -35.69036599095227 0)
(-81.64411171794244 -36.08929367396916 0)
(-81.19640712569714 -36.481713472932014 0)
(-80.74870253345182 -36.86783319742945 0)
(-80.30099794120652 -37.24784877201775 0)
(-79.8532933489612 -37.6219451694085 0)
(-79.4055887567159 -37.99029725119438 0)
(-78.9578841644706 -38.35307052708408 0)
(-78.51017957222528 -38.71042184211013 0)
(-78.06247497997998 -39.0625 0)
)

polyLine 48 49 ((-100 0 1)
(-99.5522954077547 -5.907505787368304 1)
(-99.10459081550938 -8.345097720987633 1)
(-98.65688622326408 -10.209118181073578 1)
(-98.20918163101878 -11.775183175419125 1)
(-97.76147703877346 -13.15017833762996 1)
(-97.31377244652816 -14.388983582085359 1)
(-96.86606785428286 -15.524236324432316 1)
(-96.41836326203754 -16.57722489156065 1)
(-95.97065866979224 -17.562752161070424 1)
(-95.52295407754693 -18.491607516769392 1)
(-95.07524948530163 -19.37194467147148 1)
(-94.62754489305632 -20.210104870388815 1)
(-94.17984030081101 -21.011136192670012 1)
(-93.7321357085657 -21.779135796881206 1)
(-93.2844311163204 -22.517483756590345 1)
(-92.83672652407509 -23.229007729881182 1)
(-92.38902193182979 -23.916101944478754 1)
(-91.94131733958449 -24.580815101207968 1)
(-91.49361274733917 -25.22491658218317 1)
(-91.04590815509387 -25.849947172744415 1)
(-90.59820356284857 -26.457258508895162 1)
(-90.15049897060325 -27.048044171373764 1)
(-89.70279437835795 -27.623364492833225 1)
(-89.25508978611265 -28.184166566150285 1)
(-88.80738519386733 -28.731300542619742 1)
(-88.35968060162203 -29.265533028281403 1)
(-87.91197600937673 -29.787558186359778 1)
(-87.46427141713141 -30.298007008702125 1)
(-87.01656682488611 -30.797455112560957 1)
(-86.56886223264081 -31.286429339863993 1)
(-86.1211576403955 -31.765413376558666 1)
(-85.6734530481502 -32.23485256436349 1)
(-85.22574845590489 -32.69515804253136 1)
(-84.77804386365958 -33.14671033033608 1)
(-84.33033927141427 -33.58986243999168 1)
(-83.88263467916897 -34.02494259317967 1)
(-83.43493008692366 -34.45225660124503 1)
(-82.98722549467836 -34.872089958649504 1)
(-82.53952090243305 -35.28470969084919 1)
(-82.09181631018774 -35.69036599095227 1)
(-81.64411171794244 -36.08929367396916 1)
(-81.19640712569714 -36.481713472932014 1)
(-80.74870253345182 -36.86783319742945 1)
(-80.30099794120652 -37.24784877201775 1)
(-79.8532933489612 -37.6219451694085 1)
(-79.4055887567159 -37.99029725119438 1)
(-78.9578841644706 -38.35307052708408 1)
(-78.51017957222528 -38.71042184211013 1)
(-78.06247497997998 -39.0625 1)
)

polyLine 17 18 ((-78.06247497997998 -39.0625 0)
(-76.46936324569468 -40.27462603022179 0)
(-74.87625151140936 -41.42739771086057 0)
(-73.28313977712406 -42.52564219278514 0)
(-71.69002804283876 -43.57348265079505 0)
(-70.09691630855346 -44.57447386481263 0)
(-68.50380457426814 -45.531705809534174 0)
(-66.91069283998284 -46.447884032778596 0)
(-65.31758110569754 -47.325392887057006 0)
(-63.72446937141223 -48.16634588902858 0)
(-62.131357637126925 -48.972626275136115 0)
(-60.538245902841616 -49.74591999211735 0)
(-58.94513416855631 -50.48774278015909 0)
(-57.35202243427101 -51.199462592924235 0)
(-55.7589106999857 -51.882318299863655 0)
(-54.16579896570039 -52.537435397322774 0)
(-52.57268723141509 -53.165839292563945 0)
(-50.97957549712979 -53.76846660295406 0)
(-49.386463762844485 -54.34617482011602 0)
(-47.79335202855917 -54.89975061800934 0)
(-46.20024029427387 -55.42991702912785 0)
(-44.60712855998856 -55.9373396702753 0)
(-43.01401682570325 -56.4226321657798 0)
(-41.42090509141795 -56.886360889385436 0)
(-39.82779335713264 -57.32904912481359 0)
(-38.23468162284734 -57.751180727917195 0)
(-36.64156988856203 -58.15320335955017 0)
(-35.04845815427673 -58.5355313470478 0)
(-33.455346419991415 -58.89854822303019 0)
(-31.862234685706113 -59.24260898268564 0)
(-30.269122951420805 -59.56804209444469 0)
(-28.676011217135503 -59.875151293763444 0)
(-27.082899482850195 -60.16421718539988 0)
(-25.489787748564893 -60.43549867592925 0)
(-23.896676014279592 -60.68923425517828 0)
(-22.303564279994283 -60.92564314266152 0)
(-20.710452545708982 -61.144926312894924 0)
(-19.117340811423666 -61.34726741157375 0)
(-17.524229077138358 -61.53283357298203 0)
(-15.931117342853057 -61.70177614760248 0)
(-14.338005608567755 -61.85423134768361 0)
(-12.744893874282454 -61.990320817463605 0)
(-11.151782139997138 -62.11015213382378 0)
(-9.558670405711837 -62.21381924232577 0)
(-7.965558671426521 -62.301402832859324 0)
(-6.37244693714122 -62.37297065847526 0)
(-4.779335202855918 -62.42857780038879 0)
(-3.186223468570617 -62.468266881599604 0)
(-1.5931117342853014 -62.492068231077845 0)
(0 -62.5 0)
)

polyLine 49 50 ((-78.06247497997998 -39.0625 1)
(-76.46936324569468 -40.27462603022179 1)
(-74.87625151140936 -41.42739771086057 1)
(-73.28313977712406 -42.52564219278514 1)
(-71.69002804283876 -43.57348265079505 1)
(-70.09691630855346 -44.57447386481263 1)
(-68.50380457426814 -45.531705809534174 1)
(-66.91069283998284 -46.447884032778596 1)
(-65.31758110569754 -47.325392887057006 1)
(-63.72446937141223 -48.16634588902858 1)
(-62.131357637126925 -48.972626275136115 1)
(-60.538245902841616 -49.74591999211735 1)
(-58.94513416855631 -50.48774278015909 1)
(-57.35202243427101 -51.199462592924235 1)
(-55.7589106999857 -51.882318299863655 1)
(-54.16579896570039 -52.537435397322774 1)
(-52.57268723141509 -53.165839292563945 1)
(-50.97957549712979 -53.76846660295406 1)
(-49.386463762844485 -54.34617482011602 1)
(-47.79335202855917 -54.89975061800934 1)
(-46.20024029427387 -55.42991702912785 1)
(-44.60712855998856 -55.9373396702753 1)
(-43.01401682570325 -56.4226321657798 1)
(-41.42090509141795 -56.886360889385436 1)
(-39.82779335713264 -57.32904912481359 1)
(-38.23468162284734 -57.751180727917195 1)
(-36.64156988856203 -58.15320335955017 1)
(-35.04845815427673 -58.5355313470478 1)
(-33.455346419991415 -58.89854822303019 1)
(-31.862234685706113 -59.24260898268564 1)
(-30.269122951420805 -59.56804209444469 1)
(-28.676011217135503 -59.875151293763444 1)
(-27.082899482850195 -60.16421718539988 1)
(-25.489787748564893 -60.43549867592925 1)
(-23.896676014279592 -60.68923425517828 1)
(-22.303564279994283 -60.92564314266152 1)
(-20.710452545708982 -61.144926312894924 1)
(-19.117340811423666 -61.34726741157375 1)
(-17.524229077138358 -61.53283357298203 1)
(-15.931117342853057 -61.70177614760248 1)
(-14.338005608567755 -61.85423134768361 1)
(-12.744893874282454 -61.990320817463605 1)
(-11.151782139997138 -62.11015213382378 1)
(-9.558670405711837 -62.21381924232577 1)
(-7.965558671426521 -62.301402832859324 1)
(-6.37244693714122 -62.37297065847526 1)
(-4.779335202855918 -62.42857780038879 1)
(-3.186223468570617 -62.468266881599604 1)
(-1.5931117342853014 -62.492068231077845 1)
(0 -62.5 1)
)

polyLine 18 19 ((0 -62.5 0)
(1.5931117342853058 -62.492068231077845 0)
(3.1862234685706117 -62.468266881599604 0)
(4.7793352028559175 -62.42857780038879 0)
(6.372446937141223 -62.37297065847526 0)
(7.965558671426528 -62.301402832859324 0)
(9.558670405711835 -62.21381924232577 0)
(11.151782139997142 -62.11015213382378 0)
(12.744893874282447 -61.990320817463605 0)
(14.33800560856775 -61.85423134768361 0)
(15.931117342853057 -61.70177614760248 0)
(17.524229077138365 -61.53283357298203 0)
(19.11734081142367 -61.34726741157375 0)
(20.710452545708975 -61.144926312894924 0)
(22.303564279994283 -60.92564314266152 0)
(23.89667601427959 -60.68923425517828 0)
(25.489787748564893 -60.43549867592925 0)
(27.082899482850195 -60.16421718539988 0)
(28.6760112171355 -59.875151293763444 0)
(30.26912295142081 -59.56804209444469 0)
(31.862234685706113 -59.24260898268564 0)
(33.45534641999142 -58.89854822303018 0)
(35.04845815427673 -58.5355313470478 0)
(36.64156988856203 -58.15320335955017 0)
(38.23468162284734 -57.751180727917195 0)
(39.82779335713264 -57.32904912481359 0)
(41.42090509141795 -56.886360889385436 0)
(43.01401682570325 -56.4226321657798 0)
(44.60712855998857 -55.9373396702753 0)
(46.20024029427387 -55.42991702912785 0)
(47.79335202855918 -54.899750618009335 0)
(49.38646376284448 -54.346174820116026 0)
(50.97957549712979 -53.76846660295406 0)
(52.57268723141509 -53.165839292563945 0)
(54.16579896570039 -52.537435397322774 0)
(55.7589106999857 -51.882318299863655 0)
(57.352022434271 -51.19946259292424 0)
(58.945134168556315 -50.48774278015908 0)
(60.53824590284162 -49.74591999211735 0)
(62.131357637126925 -48.972626275136115 0)
(63.724469371412226 -48.16634588902859 0)
(65.31758110569753 -47.32539288705701 0)
(66.91069283998284 -46.447884032778596 0)
(68.50380457426814 -45.531705809534174 0)
(70.09691630855346 -44.57447386481263 0)
(71.69002804283876 -43.57348265079505 0)
(73.28313977712406 -42.52564219278514 0)
(74.87625151140936 -41.42739771086057 0)
(76.46936324569468 -40.27462603022179 0)
(78.06247497997998 -39.0625 0)
)

polyLine 50 51 ((0 -62.5 1)
(1.5931117342853058 -62.492068231077845 1)
(3.1862234685706117 -62.468266881599604 1)
(4.7793352028559175 -62.42857780038879 1)
(6.372446937141223 -62.37297065847526 1)
(7.965558671426528 -62.301402832859324 1)
(9.558670405711835 -62.21381924232577 1)
(11.151782139997142 -62.11015213382378 1)
(12.744893874282447 -61.990320817463605 1)
(14.33800560856775 -61.85423134768361 1)
(15.931117342853057 -61.70177614760248 1)
(17.524229077138365 -61.53283357298203 1)
(19.11734081142367 -61.34726741157375 1)
(20.710452545708975 -61.144926312894924 1)
(22.303564279994283 -60.92564314266152 1)
(23.89667601427959 -60.68923425517828 1)
(25.489787748564893 -60.43549867592925 1)
(27.082899482850195 -60.16421718539988 1)
(28.6760112171355 -59.875151293763444 1)
(30.26912295142081 -59.56804209444469 1)
(31.862234685706113 -59.24260898268564 1)
(33.45534641999142 -58.89854822303018 1)
(35.04845815427673 -58.5355313470478 1)
(36.64156988856203 -58.15320335955017 1)
(38.23468162284734 -57.751180727917195 1)
(39.82779335713264 -57.32904912481359 1)
(41.42090509141795 -56.886360889385436 1)
(43.01401682570325 -56.4226321657798 1)
(44.60712855998857 -55.9373396702753 1)
(46.20024029427387 -55.42991702912785 1)
(47.79335202855918 -54.899750618009335 1)
(49.38646376284448 -54.346174820116026 1)
(50.97957549712979 -53.76846660295406 1)
(52.57268723141509 -53.165839292563945 1)
(54.16579896570039 -52.537435397322774 1)
(55.7589106999857 -51.882318299863655 1)
(57.352022434271 -51.19946259292424 1)
(58.945134168556315 -50.48774278015908 1)
(60.53824590284162 -49.74591999211735 1)
(62.131357637126925 -48.972626275136115 1)
(63.724469371412226 -48.16634588902859 1)
(65.31758110569753 -47.32539288705701 1)
(66.91069283998284 -46.447884032778596 1)
(68.50380457426814 -45.531705809534174 1)
(70.09691630855346 -44.57447386481263 1)
(71.69002804283876 -43.57348265079505 1)
(73.28313977712406 -42.52564219278514 1)
(74.87625151140936 -41.42739771086057 1)
(76.46936324569468 -40.27462603022179 1)
(78.06247497997998 -39.0625 1)
)

polyLine 19 20 ((78.06247497997998 -39.0625 0)
(78.51017957222528 -38.71042184211013 0)
(78.9578841644706 -38.35307052708408 0)
(79.4055887567159 -37.99029725119438 0)
(79.8532933489612 -37.6219451694085 0)
(80.30099794120652 -37.24784877201775 0)
(80.74870253345182 -36.86783319742945 0)
(81.19640712569712 -36.48171347293202 0)
(81.64411171794244 -36.08929367396916 0)
(82.09181631018774 -35.69036599095227 0)
(82.53952090243305 -35.28470969084919 0)
(82.98722549467836 -34.872089958649504 0)
(83.43493008692366 -34.45225660124503 0)
(83.88263467916897 -34.02494259317967 0)
(84.33033927141427 -33.58986243999168 0)
(84.77804386365958 -33.14671033033608 0)
(85.22574845590489 -32.69515804253136 0)
(85.6734530481502 -32.23485256436349 0)
(86.1211576403955 -31.765413376558666 0)
(86.56886223264081 -31.286429339863993 0)
(87.01656682488611 -30.797455112560957 0)
(87.46427141713141 -30.298007008702125 0)
(87.91197600937673 -29.787558186359778 0)
(88.35968060162203 -29.265533028281403 0)
(88.80738519386733 -28.731300542619742 0)
(89.25508978611265 -28.184166566150285 0)
(89.70279437835795 -27.623364492833225 0)
(90.15049897060325 -27.048044171373764 0)
(90.59820356284857 -26.457258508895162 0)
(91.04590815509387 -25.849947172744415 0)
(91.49361274733917 -25.22491658218317 0)
(91.94131733958449 -24.580815101207968 0)
(92.38902193182979 -23.916101944478754 0)
(92.83672652407509 -23.229007729881182 0)
(93.2844311163204 -22.517483756590345 0)
(93.7321357085657 -21.779135796881206 0)
(94.17984030081101 -21.011136192670012 0)
(94.62754489305632 -20.210104870388815 0)
(95.07524948530163 -19.37194467147148 0)
(95.52295407754693 -18.491607516769392 0)
(95.97065866979224 -17.562752161070424 0)
(96.41836326203754 -16.57722489156065 0)
(96.86606785428285 -15.52423632443236 0)
(97.31377244652816 -14.388983582085359 0)
(97.76147703877346 -13.15017833762996 0)
(98.20918163101878 -11.775183175419125 0)
(98.65688622326408 -10.209118181073578 0)
(99.10459081550938 -8.345097720987633 0)
(99.5522954077547 -5.907505787368304 0)
(100 0 0)
)

polyLine 51 52 ((78.06247497997998 -39.0625 1)
(78.51017957222528 -38.71042184211013 1)
(78.9578841644706 -38.35307052708408 1)
(79.4055887567159 -37.99029725119438 1)
(79.8532933489612 -37.6219451694085 1)
(80.30099794120652 -37.24784877201775 1)
(80.74870253345182 -36.86783319742945 1)
(81.19640712569712 -36.48171347293202 1)
(81.64411171794244 -36.08929367396916 1)
(82.09181631018774 -35.69036599095227 1)
(82.53952090243305 -35.28470969084919 1)
(82.98722549467836 -34.872089958649504 1)
(83.43493008692366 -34.45225660124503 1)
(83.88263467916897 -34.02494259317967 1)
(84.33033927141427 -33.58986243999168 1)
(84.77804386365958 -33.14671033033608 1)
(85.22574845590489 -32.69515804253136 1)
(85.6734530481502 -32.23485256436349 1)
(86.1211576403955 -31.765413376558666 1)
(86.56886223264081 -31.286429339863993 1)
(87.01656682488611 -30.797455112560957 1)
(87.46427141713141 -30.298007008702125 1)
(87.91197600937673 -29.787558186359778 1)
(88.35968060162203 -29.265533028281403 1)
(88.80738519386733 -28.731300542619742 1)
(89.25508978611265 -28.184166566150285 1)
(89.70279437835795 -27.623364492833225 1)
(90.15049897060325 -27.048044171373764 1)
(90.59820356284857 -26.457258508895162 1)
(91.04590815509387 -25.849947172744415 1)
(91.49361274733917 -25.22491658218317 1)
(91.94131733958449 -24.580815101207968 1)
(92.38902193182979 -23.916101944478754 1)
(92.83672652407509 -23.229007729881182 1)
(93.2844311163204 -22.517483756590345 1)
(93.7321357085657 -21.779135796881206 1)
(94.17984030081101 -21.011136192670012 1)
(94.62754489305632 -20.210104870388815 1)
(95.07524948530163 -19.37194467147148 1)
(95.52295407754693 -18.491607516769392 1)
(95.97065866979224 -17.562752161070424 1)
(96.41836326203754 -16.57722489156065 1)
(96.86606785428285 -15.52423632443236 1)
(97.31377244652816 -14.388983582085359 1)
(97.76147703877346 -13.15017833762996 1)
(98.20918163101878 -11.775183175419125 1)
(98.65688622326408 -10.209118181073578 1)
(99.10459081550938 -8.345097720987633 1)
(99.5522954077547 -5.907505787368304 1)
(100 0 1)
)

polyLine 20 21 ((100 0 0)
(99.5522954077547 5.907505787368304 0)
(99.10459081550938 8.345097720987633 0)
(98.65688622326408 10.209118181073578 0)
(98.20918163101878 11.775183175419125 0)
(97.76147703877346 13.15017833762996 0)
(97.31377244652816 14.388983582085359 0)
(96.86606785428286 15.524236324432316 0)
(96.41836326203754 16.57722489156065 0)
(95.97065866979224 17.562752161070424 0)
(95.52295407754693 18.491607516769392 0)
(95.07524948530163 19.37194467147148 0)
(94.62754489305632 20.210104870388815 0)
(94.17984030081101 21.011136192670012 0)
(93.7321357085657 21.779135796881206 0)
(93.2844311163204 22.517483756590345 0)
(92.83672652407509 23.229007729881182 0)
(92.38902193182979 23.916101944478754 0)
(91.94131733958449 24.580815101207968 0)
(91.49361274733917 25.22491658218317 0)
(91.04590815509387 25.849947172744415 0)
(90.59820356284857 26.457258508895162 0)
(90.15049897060325 27.048044171373764 0)
(89.70279437835795 27.623364492833225 0)
(89.25508978611265 28.184166566150285 0)
(88.80738519386733 28.731300542619742 0)
(88.35968060162203 29.265533028281403 0)
(87.91197600937673 29.787558186359778 0)
(87.46427141713141 30.298007008702125 0)
(87.01656682488611 30.797455112560957 0)
(86.56886223264081 31.286429339863993 0)
(86.1211576403955 31.765413376558666 0)
(85.6734530481502 32.23485256436349 0)
(85.22574845590489 32.69515804253136 0)
(84.77804386365958 33.14671033033608 0)
(84.33033927141427 33.58986243999168 0)
(83.88263467916897 34.02494259317967 0)
(83.43493008692366 34.45225660124503 0)
(82.98722549467836 34.872089958649504 0)
(82.53952090243305 35.28470969084919 0)
(82.09181631018774 35.69036599095227 0)
(81.64411171794244 36.08929367396916 0)
(81.19640712569714 36.481713472932014 0)
(80.74870253345182 36.86783319742945 0)
(80.30099794120652 37.24784877201775 0)
(79.8532933489612 37.6219451694085 0)
(79.4055887567159 37.99029725119438 0)
(78.9578841644706 38.35307052708408 0)
(78.51017957222528 38.71042184211013 0)
(78.06247497997998 39.0625 0)
)

polyLine 52 53 ((100 0 1)
(99.5522954077547 5.907505787368304 1)
(99.10459081550938 8.345097720987633 1)
(98.65688622326408 10.209118181073578 1)
(98.20918163101878 11.775183175419125 1)
(97.76147703877346 13.15017833762996 1)
(97.31377244652816 14.388983582085359 1)
(96.86606785428286 15.524236324432316 1)
(96.41836326203754 16.57722489156065 1)
(95.97065866979224 17.562752161070424 1)
(95.52295407754693 18.491607516769392 1)
(95.07524948530163 19.37194467147148 1)
(94.62754489305632 20.210104870388815 1)
(94.17984030081101 21.011136192670012 1)
(93.7321357085657 21.779135796881206 1)
(93.2844311163204 22.517483756590345 1)
(92.83672652407509 23.229007729881182 1)
(92.38902193182979 23.916101944478754 1)
(91.94131733958449 24.580815101207968 1)
(91.49361274733917 25.22491658218317 1)
(91.04590815509387 25.849947172744415 1)
(90.59820356284857 26.457258508895162 1)
(90.15049897060325 27.048044171373764 1)
(89.70279437835795 27.623364492833225 1)
(89.25508978611265 28.184166566150285 1)
(88.80738519386733 28.731300542619742 1)
(88.35968060162203 29.265533028281403 1)
(87.91197600937673 29.787558186359778 1)
(87.46427141713141 30.298007008702125 1)
(87.01656682488611 30.797455112560957 1)
(86.56886223264081 31.286429339863993 1)
(86.1211576403955 31.765413376558666 1)
(85.6734530481502 32.23485256436349 1)
(85.22574845590489 32.69515804253136 1)
(84.77804386365958 33.14671033033608 1)
(84.33033927141427 33.58986243999168 1)
(83.88263467916897 34.02494259317967 1)
(83.43493008692366 34.45225660124503 1)
(82.98722549467836 34.872089958649504 1)
(82.53952090243305 35.28470969084919 1)
(82.09181631018774 35.69036599095227 1)
(81.64411171794244 36.08929367396916 1)
(81.19640712569714 36.481713472932014 1)
(80.74870253345182 36.86783319742945 1)
(80.30099794120652 37.24784877201775 1)
(79.8532933489612 37.6219451694085 1)
(79.4055887567159 37.99029725119438 1)
(78.9578841644706 38.35307052708408 1)
(78.51017957222528 38.71042184211013 1)
(78.06247497997998 39.0625 1)
)

polyLine 21 22 ((78.06247497997998 39.0625 0)
(76.46936324569468 40.27462603022179 0)
(74.87625151140936 41.42739771086057 0)
(73.28313977712406 42.52564219278514 0)
(71.69002804283876 43.57348265079505 0)
(70.09691630855346 44.57447386481263 0)
(68.50380457426814 45.531705809534174 0)
(66.91069283998284 46.447884032778596 0)
(65.31758110569754 47.325392887057006 0)
(63.72446937141223 48.16634588902858 0)
(62.131357637126925 48.972626275136115 0)
(60.538245902841616 49.74591999211735 0)
(58.94513416855631 50.48774278015909 0)
(57.35202243427101 51.199462592924235 0)
(55.7589106999857 51.882318299863655 0)
(54.16579896570039 52.537435397322774 0)
(52.57268723141509 53.165839292563945 0)
(50.97957549712979 53.76846660295406 0)
(49.386463762844485 54.34617482011602 0)
(47.79335202855917 54.89975061800934 0)
(46.20024029427387 55.42991702912785 0)
(44.60712855998856 55.9373396702753 0)
(43.01401682570325 56.4226321657798 0)
(41.42090509141795 56.886360889385436 0)
(39.82779335713264 57.32904912481359 0)
(38.23468162284734 57.751180727917195 0)
(36.64156988856203 58.15320335955017 0)
(35.04845815427673 58.5355313470478 0)
(33.455346419991415 58.89854822303019 0)
(31.862234685706113 59.24260898268564 0)
(30.269122951420805 59.56804209444469 0)
(28.676011217135503 59.875151293763444 0)
(27.082899482850195 60.16421718539988 0)
(25.489787748564893 60.43549867592925 0)
(23.896676014279592 60.68923425517828 0)
(22.303564279994283 60.92564314266152 0)
(20.710452545708982 61.144926312894924 0)
(19.117340811423666 61.34726741157375 0)
(17.524229077138358 61.53283357298203 0)
(15.931117342853057 61.70177614760248 0)
(14.338005608567755 61.85423134768361 0)
(12.744893874282454 61.990320817463605 0)
(11.151782139997138 62.11015213382378 0)
(9.558670405711837 62.21381924232577 0)
(7.965558671426521 62.301402832859324 0)
(6.37244693714122 62.37297065847526 0)
(4.779335202855918 62.42857780038879 0)
(3.186223468570617 62.468266881599604 0)
(1.5931117342853014 62.492068231077845 0)
(0 62.5 0)
)

polyLine 53 54 ((78.06247497997998 39.0625 1)
(76.46936324569468 40.27462603022179 1)
(74.87625151140936 41.42739771086057 1)
(73.28313977712406 42.52564219278514 1)
(71.69002804283876 43.57348265079505 1)
(70.09691630855346 44.57447386481263 1)
(68.50380457426814 45.531705809534174 1)
(66.91069283998284 46.447884032778596 1)
(65.31758110569754 47.325392887057006 1)
(63.72446937141223 48.16634588902858 1)
(62.131357637126925 48.972626275136115 1)
(60.538245902841616 49.74591999211735 1)
(58.94513416855631 50.48774278015909 1)
(57.35202243427101 51.199462592924235 1)
(55.7589106999857 51.882318299863655 1)
(54.16579896570039 52.537435397322774 1)
(52.57268723141509 53.165839292563945 1)
(50.97957549712979 53.76846660295406 1)
(49.386463762844485 54.34617482011602 1)
(47.79335202855917 54.89975061800934 1)
(46.20024029427387 55.42991702912785 1)
(44.60712855998856 55.9373396702753 1)
(43.01401682570325 56.4226321657798 1)
(41.42090509141795 56.886360889385436 1)
(39.82779335713264 57.32904912481359 1)
(38.23468162284734 57.751180727917195 1)
(36.64156988856203 58.15320335955017 1)
(35.04845815427673 58.5355313470478 1)
(33.455346419991415 58.89854822303019 1)
(31.862234685706113 59.24260898268564 1)
(30.269122951420805 59.56804209444469 1)
(28.676011217135503 59.875151293763444 1)
(27.082899482850195 60.16421718539988 1)
(25.489787748564893 60.43549867592925 1)
(23.896676014279592 60.68923425517828 1)
(22.303564279994283 60.92564314266152 1)
(20.710452545708982 61.144926312894924 1)
(19.117340811423666 61.34726741157375 1)
(17.524229077138358 61.53283357298203 1)
(15.931117342853057 61.70177614760248 1)
(14.338005608567755 61.85423134768361 1)
(12.744893874282454 61.990320817463605 1)
(11.151782139997138 62.11015213382378 1)
(9.558670405711837 62.21381924232577 1)
(7.965558671426521 62.301402832859324 1)
(6.37244693714122 62.37297065847526 1)
(4.779335202855918 62.42857780038879 1)
(3.186223468570617 62.468266881599604 1)
(1.5931117342853014 62.492068231077845 1)
(0 62.5 1)
)

polyLine 22 23 ((0 62.5 0)
(-1.5931117342853058 62.492068231077845 0)
(-3.1862234685706117 62.468266881599604 0)
(-4.7793352028559175 62.42857780038879 0)
(-6.372446937141223 62.37297065847526 0)
(-7.965558671426528 62.301402832859324 0)
(-9.558670405711835 62.21381924232577 0)
(-11.151782139997142 62.11015213382378 0)
(-12.744893874282447 61.990320817463605 0)
(-14.33800560856775 61.85423134768361 0)
(-15.931117342853057 61.70177614760248 0)
(-17.524229077138365 61.53283357298203 0)
(-19.11734081142367 61.34726741157375 0)
(-20.710452545708975 61.144926312894924 0)
(-22.303564279994283 60.92564314266152 0)
(-23.89667601427959 60.68923425517828 0)
(-25.489787748564893 60.43549867592925 0)
(-27.082899482850195 60.16421718539988 0)
(-28.6760112171355 59.875151293763444 0)
(-30.26912295142081 59.56804209444469 0)
(-31.862234685706113 59.24260898268564 0)
(-33.45534641999142 58.89854822303018 0)
(-35.04845815427673 58.5355313470478 0)
(-36.64156988856203 58.15320335955017 0)
(-38.23468162284734 57.751180727917195 0)
(-39.82779335713264 57.32904912481359 0)
(-41.42090509141795 56.886360889385436 0)
(-43.01401682570325 56.4226321657798 0)
(-44.60712855998857 55.9373396702753 0)
(-46.20024029427387 55.42991702912785 0)
(-47.79335202855918 54.899750618009335 0)
(-49.38646376284448 54.346174820116026 0)
(-50.97957549712979 53.76846660295406 0)
(-52.57268723141509 53.165839292563945 0)
(-54.16579896570039 52.537435397322774 0)
(-55.7589106999857 51.882318299863655 0)
(-57.352022434271 51.19946259292424 0)
(-58.945134168556315 50.48774278015908 0)
(-60.53824590284162 49.74591999211735 0)
(-62.131357637126925 48.972626275136115 0)
(-63.724469371412226 48.16634588902859 0)
(-65.31758110569753 47.32539288705701 0)
(-66.91069283998284 46.447884032778596 0)
(-68.50380457426814 45.531705809534174 0)
(-70.09691630855346 44.57447386481263 0)
(-71.69002804283876 43.57348265079505 0)
(-73.28313977712406 42.52564219278514 0)
(-74.87625151140936 41.42739771086057 0)
(-76.46936324569468 40.27462603022179 0)
(-78.06247497997998 39.0625 0)
)

polyLine 54 55 ((0 62.5 1)
(-1.5931117342853058 62.492068231077845 1)
(-3.1862234685706117 62.468266881599604 1)
(-4.7793352028559175 62.42857780038879 1)
(-6.372446937141223 62.37297065847526 1)
(-7.965558671426528 62.301402832859324 1)
(-9.558670405711835 62.21381924232577 1)
(-11.151782139997142 62.11015213382378 1)
(-12.744893874282447 61.990320817463605 1)
(-14.33800560856775 61.85423134768361 1)
(-15.931117342853057 61.70177614760248 1)
(-17.524229077138365 61.53283357298203 1)
(-19.11734081142367 61.34726741157375 1)
(-20.710452545708975 61.144926312894924 1)
(-22.303564279994283 60.92564314266152 1)
(-23.89667601427959 60.68923425517828 1)
(-25.489787748564893 60.43549867592925 1)
(-27.082899482850195 60.16421718539988 1)
(-28.6760112171355 59.875151293763444 1)
(-30.26912295142081 59.56804209444469 1)
(-31.862234685706113 59.24260898268564 1)
(-33.45534641999142 58.89854822303018 1)
(-35.04845815427673 58.5355313470478 1)
(-36.64156988856203 58.15320335955017 1)
(-38.23468162284734 57.751180727917195 1)
(-39.82779335713264 57.32904912481359 1)
(-41.42090509141795 56.886360889385436 1)
(-43.01401682570325 56.4226321657798 1)
(-44.60712855998857 55.9373396702753 1)
(-46.20024029427387 55.42991702912785 1)
(-47.79335202855918 54.899750618009335 1)
(-49.38646376284448 54.346174820116026 1)
(-50.97957549712979 53.76846660295406 1)
(-52.57268723141509 53.165839292563945 1)
(-54.16579896570039 52.537435397322774 1)
(-55.7589106999857 51.882318299863655 1)
(-57.352022434271 51.19946259292424 1)
(-58.945134168556315 50.48774278015908 1)
(-60.53824590284162 49.74591999211735 1)
(-62.131357637126925 48.972626275136115 1)
(-63.724469371412226 48.16634588902859 1)
(-65.31758110569753 47.32539288705701 1)
(-66.91069283998284 46.447884032778596 1)
(-68.50380457426814 45.531705809534174 1)
(-70.09691630855346 44.57447386481263 1)
(-71.69002804283876 43.57348265079505 1)
(-73.28313977712406 42.52564219278514 1)
(-74.87625151140936 41.42739771086057 1)
(-76.46936324569468 40.27462603022179 1)
(-78.06247497997998 39.0625 1)
)

polyLine 23 16 ((-78.06247497997998 39.0625 0)
(-78.51017957222528 38.71042184211013 0)
(-78.9578841644706 38.35307052708408 0)
(-79.4055887567159 37.99029725119438 0)
(-79.8532933489612 37.6219451694085 0)
(-80.30099794120652 37.24784877201775 0)
(-80.74870253345182 36.86783319742945 0)
(-81.19640712569712 36.48171347293202 0)
(-81.64411171794244 36.08929367396916 0)
(-82.09181631018774 35.69036599095227 0)
(-82.53952090243305 35.28470969084919 0)
(-82.98722549467836 34.872089958649504 0)
(-83.43493008692366 34.45225660124503 0)
(-83.88263467916897 34.02494259317967 0)
(-84.33033927141427 33.58986243999168 0)
(-84.77804386365958 33.14671033033608 0)
(-85.22574845590489 32.69515804253136 0)
(-85.6734530481502 32.23485256436349 0)
(-86.1211576403955 31.765413376558666 0)
(-86.56886223264081 31.286429339863993 0)
(-87.01656682488611 30.797455112560957 0)
(-87.46427141713141 30.298007008702125 0)
(-87.91197600937673 29.787558186359778 0)
(-88.35968060162203 29.265533028281403 0)
(-88.80738519386733 28.731300542619742 0)
(-89.25508978611265 28.184166566150285 0)
(-89.70279437835795 27.623364492833225 0)
(-90.15049897060325 27.048044171373764 0)
(-90.59820356284857 26.457258508895162 0)
(-91.04590815509387 25.849947172744415 0)
(-91.49361274733917 25.22491658218317 0)
(-91.94131733958449 24.580815101207968 0)
(-92.38902193182979 23.916101944478754 0)
(-92.83672652407509 23.229007729881182 0)
(-93.2844311163204 22.517483756590345 0)
(-93.7321357085657 21.779135796881206 0)
(-94.17984030081101 21.011136192670012 0)
(-94.62754489305632 20.210104870388815 0)
(-95.07524948530163 19.37194467147148 0)
(-95.52295407754693 18.491607516769392 0)
(-95.97065866979224 17.562752161070424 0)
(-96.41836326203754 16.57722489156065 0)
(-96.86606785428285 15.52423632443236 0)
(-97.31377244652816 14.388983582085359 0)
(-97.76147703877346 13.15017833762996 0)
(-98.20918163101878 11.775183175419125 0)
(-98.65688622326408 10.209118181073578 0)
(-99.10459081550938 8.345097720987633 0)
(-99.5522954077547 5.907505787368304 0)
(-100 0 0)
)

polyLine 55 48 ((-78.06247497997998 39.0625 1)
(-78.51017957222528 38.71042184211013 1)
(-78.9578841644706 38.35307052708408 1)
(-79.4055887567159 37.99029725119438 1)
(-79.8532933489612 37.6219451694085 1)
(-80.30099794120652 37.24784877201775 1)
(-80.74870253345182 36.86783319742945 1)
(-81.19640712569712 36.48171347293202 1)
(-81.64411171794244 36.08929367396916 1)
(-82.09181631018774 35.69036599095227 1)
(-82.53952090243305 35.28470969084919 1)
(-82.98722549467836 34.872089958649504 1)
(-83.43493008692366 34.45225660124503 1)
(-83.88263467916897 34.02494259317967 1)
(-84.33033927141427 33.58986243999168 1)
(-84.77804386365958 33.14671033033608 1)
(-85.22574845590489 32.69515804253136 1)
(-85.6734530481502 32.23485256436349 1)
(-86.1211576403955 31.765413376558666 1)
(-86.56886223264081 31.286429339863993 1)
(-87.01656682488611 30.797455112560957 1)
(-87.46427141713141 30.298007008702125 1)
(-87.91197600937673 29.787558186359778 1)
(-88.35968060162203 29.265533028281403 1)
(-88.80738519386733 28.731300542619742 1)
(-89.25508978611265 28.184166566150285 1)
(-89.70279437835795 27.623364492833225 1)
(-90.15049897060325 27.048044171373764 1)
(-90.59820356284857 26.457258508895162 1)
(-91.04590815509387 25.849947172744415 1)
(-91.49361274733917 25.22491658218317 1)
(-91.94131733958449 24.580815101207968 1)
(-92.38902193182979 23.916101944478754 1)
(-92.83672652407509 23.229007729881182 1)
(-93.2844311163204 22.517483756590345 1)
(-93.7321357085657 21.779135796881206 1)
(-94.17984030081101 21.011136192670012 1)
(-94.62754489305632 20.210104870388815 1)
(-95.07524948530163 19.37194467147148 1)
(-95.52295407754693 18.491607516769392 1)
(-95.97065866979224 17.562752161070424 1)
(-96.41836326203754 16.57722489156065 1)
(-96.86606785428285 15.52423632443236 1)
(-97.31377244652816 14.388983582085359 1)
(-97.76147703877346 13.15017833762996 1)
(-98.20918163101878 11.775183175419125 1)
(-98.65688622326408 10.209118181073578 1)
(-99.10459081550938 8.345097720987633 1)
(-99.5522954077547 5.907505787368304 1)
(-100 0 1)
)

);


boundary
(
    
);